== map Item sets (from Maps file) ==
  L0 'Ground Floor' n_distinct=116 min=0 max=150 holes=35 has_114=True
    items=[0, 1, 2, 3, 5, 6, 8, 9, 10, 11, 12, 13, 14, 16, 17, 18, 20, 21, 22, 24, 25, 26, 27, 28, 29, 30, 32, 33, 34, 35, 36, 37, 38, 39, 40, 41, 42, 43, 44, 45, 46, 47, 48, 50, 51, 52, 53, 57, 58, 59, 60, 61, 62, 63, 64, 65, 66, 68, 69, 70, 71, 72, 73, 74, 75, 76, 77, 78, 79, 80, 81, 82, 83, 85, 86, 89, 90, 91, 92, 93, 95, 97, 99, 100, 101, 102, 103, 105, 106, 108, 110, 111, 112, 113, 114, 115, 117, 118, 120, 121, 122, 123, 124, 126, 127, 130, 131, 132, 133, 134, 141, 142, 144, 146, 148, 150]
  L6 'Ascension' n_distinct=109 min=0 max=149 holes=41 has_114=True
  L13 'The Labyrinth' n_distinct=294 min=0 max=293 holes=0 has_114=True
    holes=[]

== T1(a) L0 first 512 @39392 ==
00000000  00 00 ff fe 00 00 00 00 00 00 00 00 00 00 00 00  |..ˇ˛............|
00000010  00 00 ff fe 00 00 00 00 00 00 00 00 00 00 00 00  |..ˇ˛............|
00000020  00 00 ff fe 00 00 00 00 00 00 00 00 00 00 00 00  |..ˇ˛............|
00000030  00 00 ff fe 00 00 00 00 00 00 00 00 00 00 00 00  |..ˇ˛............|
00000040  00 00 ff fe 00 00 00 00 00 00 00 00 00 00 00 00  |..ˇ˛............|
00000050  00 00 ff fe 00 00 00 00 00 00 00 00 00 00 00 00  |..ˇ˛............|
00000060  00 00 ff fe 00 00 00 00 00 00 00 00 00 00 00 00  |..ˇ˛............|
00000070  00 00 ff fe 00 00 00 00 00 00 00 00 00 00 00 00  |..ˇ˛............|
00000080  00 00 ff fe 00 00 00 00 00 00 00 00 00 00 00 00  |..ˇ˛............|
00000090  00 00 00 00 00 00 00 00 00 00 00 00 00 00 00 00  |................|
000000a0  00 00 00 00 00 00 00 00 00 00 00 00 00 00 00 00  |................|
000000b0  00 00 00 00 00 00 00 00 00 00 00 00 00 00 00 00  |................|
000000c0  00 00 00 00 00 00 00 00 00 00 00 00 00 00 00 00  |................|
000000d0  00 00 00 00 00 00 00 00 00 00 00 00 00 00 00 00  |................|
000000e0  00 00 00 00 00 00 00 00 00 00 00 00 00 00 00 00  |................|
000000f0  00 00 00 00 00 00 00 00 00 00 00 00 00 00 00 00  |................|
00000100  00 00 00 00 00 34 00 01 00 23 00 00 00 03 00 01  |.....4...#......|
00000110  00 23 00 00 00 04 00 01 00 23 00 00 00 05 00 01  |.#.......#......|
00000120  00 23 00 00 00 06 00 01 00 23 00 00 00 08 00 01  |.#.......#......|
00000130  00 23 00 00 00 09 00 01 00 23 00 00 00 0a 00 01  |.#.......#......|
00000140  00 23 00 00 00 0b 00 01 00 23 00 00 00 0c 00 01  |.#.......#......|
00000150  00 23 00 00 00 0d 00 01 00 23 00 00 00 0e 00 01  |.#.......#......|
00000160  00 23 00 00 00 10 00 01 00 23 00 00 00 11 00 01  |.#.......#......|
00000170  00 23 00 00 00 12 00 01 00 23 00 00 00 1a 00 01  |.#.......#......|
00000180  00 23 00 00 00 1b 00 01 00 23 00 00 00 1d 00 01  |.#.......#......|
00000190  00 23 00 00 00 1e 00 01 00 23 00 00 00 1f 00 01  |.#.......#......|
000001a0  00 23 00 00 00 20 00 01 00 23 00 00 00 21 00 01  |.#... ...#...!..|
000001b0  00 23 00 00 00 23 00 01 00 23 00 00 00 24 00 01  |.#...#...#...$..|
000001c0  00 23 00 00 00 25 00 01 00 23 00 00 00 26 00 01  |.#...%...#...&..|
000001d0  00 23 00 00 00 29 00 01 00 23 00 00 00 2a 00 01  |.#...)...#...*..|
000001e0  00 23 00 00 00 2b 00 01 00 23 00 00 00 2e 00 01  |.#...+...#......|
000001f0  00 23 00 00 00 2f 00 01 00 23 00 00 00 30 00 01  |.#.../...#...0..|

== T1(a) L0 last 256 ==
00000000  00 00 ff fe 00 00 00 00 00 00 00 00 00 00 00 00  |..ˇ˛............|
00000010  00 00 ff fe 00 00 00 00 00 00 00 00 00 00 00 00  |..ˇ˛............|
00000020  00 00 ff fe 00 00 00 00 00 00 00 00 00 00 00 00  |..ˇ˛............|
00000030  00 00 ff fe 00 00 00 00 00 00 00 00 00 00 00 00  |..ˇ˛............|
00000040  00 00 ff fe 00 00 00 00 00 00 00 00 00 00 00 00  |..ˇ˛............|
00000050  00 00 ff fe 00 00 00 00 00 00 00 00 00 00 00 00  |..ˇ˛............|
00000060  00 00 ff fe 00 00 00 00 00 00 00 00 00 00 00 00  |..ˇ˛............|
00000070  00 00 ff fe 00 00 00 00 00 00 00 00 00 00 00 00  |..ˇ˛............|
00000080  00 00 ff fe 00 00 00 00 00 00 00 00 00 00 00 00  |..ˇ˛............|
00000090  00 00 ff fe 00 00 00 00 00 00 00 00 00 00 00 00  |..ˇ˛............|
000000a0  00 00 ff fe 00 00 00 00 00 00 00 00 00 00 00 00  |..ˇ˛............|
000000b0  00 00 ff fe 00 00 00 00 00 00 00 00 00 00 00 00  |..ˇ˛............|
000000c0  00 00 ff fe 00 00 00 00 00 00 00 00 00 00 00 00  |..ˇ˛............|
000000d0  00 00 ff fe 00 00 00 00 00 00 00 00 00 00 00 00  |..ˇ˛............|
000000e0  00 00 ff fe 00 00 00 00 00 00 00 00 00 00 00 00  |..ˇ˛............|
000000f0  00 00 ff fe 00 00 00 00 00 00 00 00 00 00 00 00  |..ˇ˛............|

== T1(b) 1139 x 8-byte as 4 u16be ==
  f0: zero=1034 ffff=31 other=74 min=0 max=65535 nonzero_non_ffff min=28 max=206
    top=[('0x0', 1034), ('0x23', 49), ('0xffff', 31), ('0x3c', 11), ('0x33', 8), ('0x5d', 1), ('0x1c', 1), ('0x28', 1)]
  f1: zero=425 ffff=175 other=539 min=0 max=65535 nonzero_non_ffff min=2 max=65534
    top=[('0x0', 425), ('0xfffe', 292), ('0xffff', 175), ('0x7200', 4), ('0x400', 3), ('0x7a00', 3), ('0x6', 2), ('0x2600', 2)]
  f2: zero=857 ffff=0 other=282 min=0 max=52610 nonzero_non_ffff min=1 max=52610
    top=[('0x0', 857), ('0xc100', 49), ('0xcd0d', 13), ('0xcd01', 13), ('0xcc80', 12), ('0xcd03', 11), ('0xcd0c', 10), ('0xf', 9)]
  f3: zero=647 ffff=9 other=483 min=0 max=65535 nonzero_non_ffff min=1 max=57351
    top=[('0x0', 647), ('0x2007', 80), ('0x7', 60), ('0x1', 50), ('0xe007', 28), ('0xc007', 24), ('0x4', 11), ('0x6007', 11)]

== dpin 8-byte profile n=28760 @596 ==
  f0: zero=19656 ffff=259 other=8845 min=0 max=65535 nonzero_non_ffff min=1 max=54159
    top=[('0x0', 19656), ('0xc706', 301), ('0xffff', 259), ('0xcc80', 249), ('0xce8d', 196), ('0xce85', 194), ('0xc086', 180), ('0xce89', 179)]
  f1: zero=12798 ffff=404 other=15558 min=0 max=65535 nonzero_non_ffff min=1 max=57351
    top=[('0x0', 12798), ('0x2007', 3965), ('0xe007', 1098), ('0x6007', 934), ('0x7', 722), ('0xffff', 404), ('0x1', 193), ('0x10', 177)]
  f2: zero=26343 ffff=618 other=1799 min=0 max=65535 nonzero_non_ffff min=1 max=12000
    top=[('0x0', 26343), ('0xffff', 618), ('0xdc', 226), ('0x33', 180), ('0x23', 177), ('0x3c', 174), ('0x5a', 174), ('0x15e', 173)]
  f3: zero=8942 ffff=5871 other=13947 min=0 max=65535 nonzero_non_ffff min=1 max=65534
    top=[('0x0', 8942), ('0xffff', 5871), ('0xfffe', 5524), ('0x600', 70), ('0x1e00', 66), ('0x2600', 60), ('0xe00', 60), ('0xa00', 58)]

== T1(c) f0==114 count=0 [] ==
  any field==114 count=0 []

== T1(d) record 114 @40304 00 33 00 00 00 08 ff ff u16=(51, 0, 8, 65535) ==
  rec[110] @40272 00 33 00 00 00 08 ff ff (51, 0, 8, 65535)
  rec[111] @40280 00 33 00 00 00 08 ff ff (51, 0, 8, 65535)
  rec[112] @40288 00 33 00 00 00 08 ff ff (51, 0, 8, 65535)
  rec[113] @40296 00 33 00 00 00 08 ff ff (51, 0, 8, 65535)
  rec[114] @40304 00 33 00 00 00 08 ff ff (51, 0, 8, 65535)
  rec[115] @40312 00 33 00 00 00 08 ff ff (51, 0, 8, 65535)
  rec[116] @40320 00 40 00 00 01 2c ff ff (64, 0, 300, 65535)
  rec[117] @40328 ff ff 00 00 00 00 00 00 (65535, 0, 0, 0)
  rec[118] @40336 ff ff 00 00 00 00 00 00 (65535, 0, 0, 0)

== T1(e)(f) live-record counts vs map Item sets ==

  -- L0 Ground Floor map_items=116 --
    not_zero: live=818 in_0..399=363 live_idx_in_itemset=91/818 itemset_that_are_live=91/116
    any_live: live=786 in_0..399=332 live_idx_in_itemset=73/786 itemset_that_are_live=73/116
    f0_live: live=74 in_0..399=74 live_idx_in_itemset=62/74 itemset_that_are_live=62/116
    not_empty_slot: live=818 in_0..399=363 live_idx_in_itemset=91/818 itemset_that_are_live=91/116
    any_live idx[:30]=[0, 2, 4, 6, 8, 10, 12, 14, 16, 32, 33, 34, 35, 36, 37, 38, 39, 40, 41, 42, 43, 44, 45, 46, 47, 48, 49, 50, 51, 52]
    f0_live idx[:30]=[33, 34, 35, 36, 37, 38, 39, 40, 41, 42, 43, 44, 45, 46, 47, 48, 49, 50, 51, 52, 53, 54, 55, 56, 57, 58, 59, 60, 61, 62]
    rec[item]!=0: 91  rec[item]==0: 25
    rec[114]=(51, 0, 8, 65535) rec[0]=(0, 65534, 0, 0) rec[52]=(35, 0, 32, 1)
    records at GF Item indices:
      [   0] 00 00 ff fe 00 00 00 00 (0, 65534, 0, 0)
      [   1] 00 00 00 00 00 00 00 00 (0, 0, 0, 0)
      [   2] 00 00 ff fe 00 00 00 00 (0, 65534, 0, 0)
      [   3] 00 00 00 00 00 00 00 00 (0, 0, 0, 0)
      [   5] 00 00 00 00 00 00 00 00 (0, 0, 0, 0)
      [   6] 00 00 ff fe 00 00 00 00 (0, 65534, 0, 0)
      [   8] 00 00 ff fe 00 00 00 00 (0, 65534, 0, 0)
      [   9] 00 00 00 00 00 00 00 00 (0, 0, 0, 0)
      [  10] 00 00 ff fe 00 00 00 00 (0, 65534, 0, 0)
      [  11] 00 00 00 00 00 00 00 00 (0, 0, 0, 0)
      [  12] 00 00 ff fe 00 00 00 00 (0, 65534, 0, 0)
      [  13] 00 00 00 00 00 00 00 00 (0, 0, 0, 0)
      [  14] 00 00 ff fe 00 00 00 00 (0, 65534, 0, 0)
      [  16] 00 00 ff fe 00 00 00 00 (0, 65534, 0, 0)
      [  17] 00 00 00 00 00 00 00 00 (0, 0, 0, 0)
      [  18] 00 00 00 00 00 00 00 00 (0, 0, 0, 0)
      [  20] 00 00 00 00 00 00 00 00 (0, 0, 0, 0)
      [  21] 00 00 00 00 00 00 00 00 (0, 0, 0, 0)
      [  22] 00 00 00 00 00 00 00 00 (0, 0, 0, 0)
      [  24] 00 00 00 00 00 00 00 00 (0, 0, 0, 0)
      [  25] 00 00 00 00 00 00 00 00 (0, 0, 0, 0)
      [  26] 00 00 00 00 00 00 00 00 (0, 0, 0, 0)
      [  27] 00 00 00 00 00 00 00 00 (0, 0, 0, 0)
      [  28] 00 00 00 00 00 00 00 00 (0, 0, 0, 0)
      [  29] 00 00 00 00 00 00 00 00 (0, 0, 0, 0)
      [  30] 00 00 00 00 00 00 00 00 (0, 0, 0, 0)
      [  32] 00 00 00 00 00 34 00 01 (0, 0, 52, 1)
      [  33] 00 23 00 00 00 03 00 01 (35, 0, 3, 1)
      [  34] 00 23 00 00 00 04 00 01 (35, 0, 4, 1)
      [  35] 00 23 00 00 00 05 00 01 (35, 0, 5, 1)
      [  36] 00 23 00 00 00 06 00 01 (35, 0, 6, 1)
      [  37] 00 23 00 00 00 08 00 01 (35, 0, 8, 1)
      [  38] 00 23 00 00 00 09 00 01 (35, 0, 9, 1)
      [  39] 00 23 00 00 00 0a 00 01 (35, 0, 10, 1)
      [  40] 00 23 00 00 00 0b 00 01 (35, 0, 11, 1)
      [  41] 00 23 00 00 00 0c 00 01 (35, 0, 12, 1)
      [  42] 00 23 00 00 00 0d 00 01 (35, 0, 13, 1)
      [  43] 00 23 00 00 00 0e 00 01 (35, 0, 14, 1)
      [  44] 00 23 00 00 00 10 00 01 (35, 0, 16, 1)
      [  45] 00 23 00 00 00 11 00 01 (35, 0, 17, 1)
      [  46] 00 23 00 00 00 12 00 01 (35, 0, 18, 1)
      [  47] 00 23 00 00 00 1a 00 01 (35, 0, 26, 1)
      [  48] 00 23 00 00 00 1b 00 01 (35, 0, 27, 1)
      [  50] 00 23 00 00 00 1e 00 01 (35, 0, 30, 1)
      [  51] 00 23 00 00 00 1f 00 01 (35, 0, 31, 1)
      [  52] 00 23 00 00 00 20 00 01 (35, 0, 32, 1)
      [  53] 00 23 00 00 00 21 00 01 (35, 0, 33, 1)
      [  57] 00 23 00 00 00 26 00 01 (35, 0, 38, 1)
      [  58] 00 23 00 00 00 29 00 01 (35, 0, 41, 1)
      [  59] 00 23 00 00 00 2a 00 01 (35, 0, 42, 1)
      [  60] 00 23 00 00 00 2b 00 01 (35, 0, 43, 1)
      [  61] 00 23 00 00 00 2e 00 01 (35, 0, 46, 1)
      [  62] 00 23 00 00 00 2f 00 01 (35, 0, 47, 1)
      [  63] 00 23 00 00 00 30 00 01 (35, 0, 48, 1)
      [  64] 00 23 00 00 00 31 00 01 (35, 0, 49, 1)
      [  65] 00 23 00 00 00 33 00 01 (35, 0, 51, 1)
      [  66] 00 23 00 00 00 34 00 01 (35, 0, 52, 1)
      [  68] 00 23 00 00 00 36 00 01 (35, 0, 54, 1)
      [  69] 00 23 00 00 00 38 00 01 (35, 0, 56, 1)
      [  70] 00 23 00 00 00 39 00 01 (35, 0, 57, 1)
      [  71] 00 23 00 00 00 3a 00 01 (35, 0, 58, 1)
      [  72] 00 23 00 00 00 3b 00 01 (35, 0, 59, 1)
      [  73] 00 23 00 00 00 3c 00 01 (35, 0, 60, 1)
      [  74] 00 23 00 00 00 3d 00 01 (35, 0, 61, 1)
      [  75] 00 23 00 00 00 3e 00 01 (35, 0, 62, 1)
      [  76] 00 23 00 00 00 40 00 01 (35, 0, 64, 1)
      [  77] 00 23 00 00 00 42 00 01 (35, 0, 66, 1)
      [  78] 00 23 00 00 00 43 00 01 (35, 0, 67, 1)
      [  79] 00 23 00 00 00 19 00 01 (35, 0, 25, 1)
      [  80] 00 23 00 00 00 2d 00 04 (35, 0, 45, 4)
      [  81] 00 3c 00 00 00 44 00 04 (60, 0, 68, 4)
      [  82] 00 3c 00 00 00 01 00 01 (60, 0, 1, 1)
      [  83] 00 23 00 00 00 41 00 04 (35, 0, 65, 4)
      [  85] 00 3c 00 00 00 0f 00 04 (60, 0, 15, 4)
      [  86] 00 3c 00 00 00 0f 00 04 (60, 0, 15, 4)
      [  89] 00 3c 00 00 00 0f 00 04 (60, 0, 15, 4)
      [  90] 00 3c 00 00 00 0f 00 04 (60, 0, 15, 4)
      [  91] 00 3c 00 00 00 0f 00 04 (60, 0, 15, 4)
      [  92] 00 3c 00 00 00 0f 00 09 (60, 0, 15, 9)
      [  93] 00 5d 00 00 00 67 00 01 (93, 0, 103, 1)
      [  95] 00 28 00 04 00 a1 00 05 (40, 4, 161, 5)
      [  97] 00 ce 00 08 00 00 00 00 (206, 8, 0, 0)
      [  99] 00 00 00 00 00 00 00 00 (0, 0, 0, 0)
      [ 100] 00 00 00 00 00 00 00 00 (0, 0, 0, 0)
      [ 101] 00 00 00 00 00 00 00 00 (0, 0, 0, 0)
      [ 102] 00 00 00 00 00 00 00 00 (0, 0, 0, 0)
      [ 103] 00 00 00 00 00 00 00 00 (0, 0, 0, 0)
      [ 105] 00 00 00 00 00 00 00 00 (0, 0, 0, 0)
      [ 106] 00 00 00 00 00 00 00 00 (0, 0, 0, 0)
      [ 108] 00 33 00 00 00 08 ff ff (51, 0, 8, 65535)
      [ 110] 00 33 00 00 00 08 ff ff (51, 0, 8, 65535)
      [ 111] 00 33 00 00 00 08 ff ff (51, 0, 8, 65535)
      [ 112] 00 33 00 00 00 08 ff ff (51, 0, 8, 65535)
      [ 113] 00 33 00 00 00 08 ff ff (51, 0, 8, 65535)
      [ 114] 00 33 00 00 00 08 ff ff (51, 0, 8, 65535)
      [ 115] 00 33 00 00 00 08 ff ff (51, 0, 8, 65535)
      [ 117] ff ff 00 00 00 00 00 00 (65535, 0, 0, 0)
      [ 118] ff ff 00 00 00 00 00 00 (65535, 0, 0, 0)
      [ 120] ff ff 00 00 00 00 00 00 (65535, 0, 0, 0)
      [ 121] ff ff 00 00 00 00 00 00 (65535, 0, 0, 0)
      [ 122] ff ff 00 00 00 00 00 00 (65535, 0, 0, 0)
      [ 123] ff ff 00 00 00 00 00 00 (65535, 0, 0, 0)
      [ 124] ff ff 00 00 00 00 00 00 (65535, 0, 0, 0)
      [ 126] ff ff 00 00 00 00 00 00 (65535, 0, 0, 0)
      [ 127] ff ff 00 00 00 00 00 00 (65535, 0, 0, 0)
      [ 130] ff ff 00 00 00 00 00 00 (65535, 0, 0, 0)
      [ 131] ff ff 00 00 00 00 00 00 (65535, 0, 0, 0)
      [ 132] ff ff 00 00 00 00 00 00 (65535, 0, 0, 0)
      [ 133] ff ff 00 00 00 00 00 00 (65535, 0, 0, 0)
      [ 134] ff ff 00 00 00 00 00 00 (65535, 0, 0, 0)
      [ 141] ff ff 00 00 00 00 00 00 (65535, 0, 0, 0)
      [ 142] ff ff 00 00 00 00 00 00 (65535, 0, 0, 0)
      [ 144] ff ff 00 00 00 00 00 00 (65535, 0, 0, 0)
      [ 146] ff ff 00 00 00 00 00 00 (65535, 0, 0, 0)
      [ 148] 00 00 04 00 00 00 04 00 (0, 1024, 0, 1024)
      [ 150] 00 00 04 00 00 00 00 00 (0, 1024, 0, 0)

  -- L6 Ascension map_items=109 --
    not_zero: live=953 in_0..399=360 live_idx_in_itemset=78/953 itemset_that_are_live=78/109
    any_live: live=935 in_0..399=342 live_idx_in_itemset=64/935 itemset_that_are_live=64/109
    f0_live: live=79 in_0..399=79 live_idx_in_itemset=53/79 itemset_that_are_live=53/109
    not_empty_slot: live=953 in_0..399=360 live_idx_in_itemset=78/953 itemset_that_are_live=78/109
    any_live idx[:30]=[0, 2, 4, 6, 8, 10, 12, 14, 16, 32, 33, 34, 35, 36, 37, 38, 39, 40, 41, 42, 43, 44, 45, 46, 47, 48, 49, 50, 51, 52]
    f0_live idx[:30]=[33, 34, 35, 36, 37, 38, 39, 40, 41, 42, 43, 44, 45, 46, 47, 48, 49, 50, 51, 52, 53, 54, 55, 56, 57, 58, 59, 60, 61, 62]
    rec[item]!=0: 78  rec[item]==0: 31

  -- L13 The Labyrinth map_items=294 --
    not_zero: live=957 in_0..399=373 live_idx_in_itemset=267/957 itemset_that_are_live=267/294
    any_live: live=956 in_0..399=373 live_idx_in_itemset=267/956 itemset_that_are_live=267/294
    f0_live: live=115 in_0..399=115 live_idx_in_itemset=115/115 itemset_that_are_live=115/294
    not_empty_slot: live=957 in_0..399=373 live_idx_in_itemset=267/957 itemset_that_are_live=267/294
    any_live idx[:30]=[0, 2, 4, 6, 8, 10, 12, 14, 16, 32, 33, 34, 35, 36, 37, 38, 39, 40, 41, 42, 43, 44, 45, 46, 47, 48, 49, 50, 51, 52]
    f0_live idx[:30]=[33, 34, 35, 36, 37, 38, 39, 40, 41, 42, 43, 44, 45, 46, 47, 48, 49, 50, 51, 52, 53, 54, 55, 56, 57, 58, 59, 60, 61, 62]
    rec[item]!=0: 267  rec[item]==0: 27

== T1(g) 9112 minus header vs 4/6/8/12/16 ==
  hdr=0 rem=9112 4:Y2278 6:n 8:Y1139 12:n 16:n
  hdr=4 rem=9108 4:Y2277 6:Y1518 8:n 12:Y759 16:n
  hdr=8 rem=9104 4:Y2276 6:n 8:Y1138 12:n 16:Y569
  hdr=12 rem=9100 4:Y2275 6:n 8:n 12:n 16:n
  hdr=16 rem=9096 4:Y2274 6:Y1516 8:Y1137 12:Y758 16:n
  hdr=20 rem=9092 4:Y2273 6:n 8:n 12:n 16:n
  hdr=24 rem=9088 4:Y2272 6:n 8:Y1136 12:n 16:Y568
  hdr=32 rem=9080 4:Y2270 6:n 8:Y1135 12:n 16:n
  hdr=48 rem=9064 4:Y2266 6:n 8:Y1133 12:n 16:n
  hdr=64 rem=9048 4:Y2262 6:Y1508 8:Y1131 12:Y754 16:n
  hdr=128 rem=8984 4:Y2246 6:n 8:Y1123 12:n 16:n
  hdr=256 rem=8856 4:Y2214 6:Y1476 8:Y1107 12:Y738 16:n
  hdr=260 rem=8852 4:Y2213 6:n 8:n 12:n 16:n
  hdr=512 rem=8600 4:Y2150 6:n 8:Y1075 12:n 16:n

  16-byte records n=569 first5=[(0, 65534, 0, 0, 0, 0, 0, 0), (0, 65534, 0, 0, 0, 0, 0, 0), (0, 65534, 0, 0, 0, 0, 0, 0), (0, 65534, 0, 0, 0, 0, 0, 0), (0, 65534, 0, 0, 0, 0, 0, 0)]
  16-byte 'any live'=249

== T2(a) bytes zero across all 25 levels ==
  all-zero bytes: 4287
  all-zero ranges (start,end,len) count=1503
    (4, 17, 14)
    (20, 33, 14)
    (36, 49, 14)
    (52, 65, 14)
    (68, 81, 14)
    (84, 97, 14)
    (100, 113, 14)
    (116, 129, 14)
    (132, 260, 129)
    (7644, 7657, 14)
    (7660, 7673, 14)
    (7676, 7689, 14)
    (7692, 7705, 14)
    (7708, 7721, 14)
    (7724, 7737, 14)
    (7740, 7753, 14)
    (7756, 7769, 14)
    (7772, 7785, 14)
    (7788, 7801, 14)
    (7804, 7817, 14)
    (7820, 7833, 14)
    (7836, 7849, 14)
    (7852, 7865, 14)
    (7868, 7881, 14)
    (7884, 7897, 14)
    (7900, 7913, 14)
    (7916, 7929, 14)
    (7932, 7945, 14)
    (7948, 7961, 14)
    (7964, 7977, 14)
    (7980, 7993, 14)
    (7996, 8009, 14)
    (8012, 8025, 14)
    (8028, 8041, 14)
    (8044, 8057, 14)
    (8060, 8073, 14)
    (8076, 8089, 14)
    (8092, 8105, 14)
    (8108, 8121, 14)
    (8124, 8137, 14)
    (8140, 8153, 14)
    (8156, 8169, 14)
    (8172, 8185, 14)
    (8188, 8201, 14)
    (8204, 8217, 14)
    (8220, 8233, 14)
    (8236, 8249, 14)
    (8252, 8265, 14)
    (8268, 8281, 14)
    (8284, 8297, 14)
    (8300, 8313, 14)
    (8316, 8329, 14)
    (8332, 8345, 14)
    (8348, 8361, 14)
    (8364, 8377, 14)
    (8380, 8393, 14)
    (8396, 8409, 14)
    (8412, 8425, 14)
    (8428, 8441, 14)
    (8444, 8457, 14)
    (8460, 8473, 14)
    (8476, 8489, 14)
    (8492, 8505, 14)
    (8508, 8521, 14)
    (8524, 8537, 14)
    (8540, 8553, 14)
    (8556, 8569, 14)
    (8572, 8585, 14)
    (8588, 8601, 14)
    (8604, 8617, 14)
    (8620, 8633, 14)
    (8636, 8649, 14)
    (8652, 8665, 14)
    (8668, 8681, 14)
    (8684, 8697, 14)
    (8700, 8713, 14)
    (8716, 8729, 14)
    (8732, 8745, 14)
    (8748, 8761, 14)
    (8764, 8777, 14)
    (8780, 8793, 14)
    (8796, 8809, 14)
    (8812, 8825, 14)
    (8828, 8841, 14)
    (8844, 8857, 14)
    (8860, 8873, 14)
    (8876, 8889, 14)
    (8892, 8905, 14)
    (8908, 8921, 14)
    (8924, 8937, 14)
    (8940, 8953, 14)
    (8956, 8969, 14)
    (8972, 8985, 14)
    (8988, 9001, 14)
    (9004, 9017, 14)
    (9020, 9033, 14)
    (9036, 9049, 14)
    (9052, 9065, 14)
    (9068, 9081, 14)
    (9084, 9097, 14)
    (9100, 9111, 12)
  identical-nonzero bytes: 246 first20=[(2, 255), (3, 254), (18, 255), (19, 254), (34, 255), (35, 254), (50, 255), (51, 254), (66, 255), (67, 254), (82, 255), (83, 254), (98, 255), (99, 254), (114, 255), (115, 254), (130, 255), (131, 254), (1255, 7), (1258, 255)]
  varying bytes: 4579

== T2(b) adjacent u16be pairs both in 0..31 (L0) ==
  count=146 first40=[(266, 0, 3), (268, 3, 1), (274, 0, 4), (276, 4, 1), (282, 0, 5), (284, 5, 1), (290, 0, 6), (292, 6, 1), (298, 0, 8), (300, 8, 1), (306, 0, 9), (308, 9, 1), (314, 0, 10), (316, 10, 1), (322, 0, 11), (324, 11, 1), (330, 0, 12), (332, 12, 1), (338, 0, 13), (340, 13, 1), (346, 0, 14), (348, 14, 1), (354, 0, 16), (356, 16, 1), (362, 0, 17), (364, 17, 1), (370, 0, 18), (372, 18, 1), (378, 0, 26), (380, 26, 1), (386, 0, 27), (388, 27, 1), (394, 0, 29), (396, 29, 1), (402, 0, 30), (404, 30, 1), (410, 0, 31), (412, 31, 1), (634, 0, 25), (636, 25, 1)]
  GF doors=[(21, 6), (11, 6), (16, 20), (0, 0), (0, 0), (0, 0), (0, 0), (0, 0), (0, 0), (0, 0), (0, 0), (0, 0), (0, 0), (0, 0), (0, 0)]
  GF saves=[(6, 2, 0), (26, 2, 52), (5, 10, 90), (27, 10, 91)]
  GF corpses=[(14, 6, 114)]

== T2(c) bit-density per 32-byte window L0 ==
  top density windows:
    @1792 bits=92 nz_bytes=19 dens=0.359 00 00 45 df cd 0d 20 07 00 00 ff ff 00 00 6c 73 00 00 3e fd c1 00 e0 07 00 00 ff ff 00 00 62 a7
    @2688 bits=91 nz_bytes=20 dens=0.355 00 00 3d 67 cd 08 20 07 00 00 ff ff 00 00 41 cf 00 00 3b 7e cd 0d 20 07 00 00 ff ff 00 00 4a e6
    @3936 bits=91 nz_bytes=20 dens=0.355 00 00 3e b2 cd 06 20 07 00 00 ff ff 00 00 26 d7 00 00 2b 5d cd 03 20 07 00 00 ff ff 00 00 1d dd
    @1344 bits=88 nz_bytes=19 dens=0.344 00 00 4e 77 c1 00 e0 07 00 00 ff ff 00 00 4d 72 00 00 3d 46 cd 0b 20 07 00 00 ff ff 00 00 3b 99
    @3360 bits=88 nz_bytes=18 dens=0.344 00 00 22 fc cd 0f 00 07 00 00 ff ff 00 00 65 6c 00 00 13 a3 cd 05 00 07 00 00 ff ff 00 00 6d af
    @3648 bits=88 nz_bytes=20 dens=0.344 00 00 69 c4 cd 04 20 07 00 00 ff ff 00 00 39 63 00 00 5a fb cd 0c 20 07 00 00 ff ff 00 00 32 ee
    @2816 bits=87 nz_bytes=20 dens=0.340 00 00 2a 89 cd 0d 20 07 00 00 ff ff 00 00 61 cf 00 00 2e c8 cd 03 20 07 00 00 ff ff 00 00 55 eb
    @4416 bits=87 nz_bytes=18 dens=0.340 00 00 6b d6 cd 02 00 07 00 00 ff ff 00 00 05 cb 00 00 66 e7 cd 0d 00 07 00 00 ff ff 00 00 09 db
    @2464 bits=86 nz_bytes=20 dens=0.336 00 00 75 99 cd 03 20 07 00 00 ff ff 00 00 46 6c 00 00 7a b7 cd 0e 20 07 00 00 ff ff 00 00 48 0c
    @2528 bits=86 nz_bytes=19 dens=0.336 00 00 5e 7d cd 0a 20 07 00 00 ff ff 00 00 4d bb 00 00 5a e0 cd 0f 20 07 00 00 ff ff 00 00 42 00
    @3456 bits=86 nz_bytes=20 dens=0.336 00 00 6b 0c cd 01 20 07 00 00 ff ff 00 00 64 ce 00 00 6d 63 cd 0f 20 07 00 00 ff ff 00 00 65 0d
    @4032 bits=86 nz_bytes=20 dens=0.336 00 00 25 ff cd 03 20 07 00 00 ff ff 00 00 34 6f 00 00 28 39 cd 02 20 07 00 00 ff ff 00 00 2d 62
  low-structure high-density (few 00 pairs):

== T3 Bomb Code new=321 old=321 ==
-- exported --
00000000  41 72 6d 69 6e 67 20 54 68 65 20 4e 75 63 6c 65  |Arming The Nucle|
00000010  61 72 20 44 65 76 69 63 65 0d 0d 54 6f 20 61 72  |ar Device..To ar|
00000020  6d 20 74 68 65 20 4e 75 63 6c 65 61 72 20 64 65  |m the Nuclear de|
00000030  76 69 63 65 20 79 6f 75 20 6d 75 73 74 20 65 6e  |vice you must en|
00000040  74 65 72 20 74 68 65 20 66 6f 6c 6c 6f 77 69 6e  |ter the followin|
00000050  67 20 61 72 6d 69 6e 67 20 63 6f 64 65 3a 20 20  |g arming code:  |
00000060  32 38 37 30 33 33 34 2e 20 20 55 6e 64 65 72 20  |2870334.  Under |
00000070  6e 6f 20 63 69 72 63 75 6d 73 74 61 6e 63 65 73  |no circumstances|
00000080  20 73 68 6f 75 6c 64 20 74 68 65 20 62 6f 6d 62  | should the bomb|
00000090  20 62 65 20 73 65 74 20 74 6f 20 65 78 70 6c 6f  | be set to explo|
000000a0  64 65 20 61 66 74 65 72 20 31 34 30 30 20 28 32  |de after 1400 (2|
000000b0  3a 30 30 20 50 4d 29 20 6f 6e 20 46 72 69 64 61  |:00 PM) on Frida|
000000c0  79 2e 0d 0d 44 6f 6e d5 74 20 66 6f 72 67 65 74  |y...Don’t forget|
000000d0  20 79 6f 75 72 20 6f 61 74 68 20 6f 66 20 73 65  | your oath of se|
000000e0  63 72 65 63 79 20 61 73 20 61 20 53 70 65 63 69  |crecy as a Speci|
000000f0  61 6c 20 46 6f 72 63 65 73 20 41 67 65 6e 74 2e  |al Forces Agent.|
00000100  20 20 54 68 65 20 70 65 6e 61 6c 74 79 20 66 6f  |  The penalty fo|
00000110  72 20 64 69 76 75 6c 67 69 6e 67 20 74 68 69 73  |r divulging this|
00000120  20 74 6f 70 20 73 65 63 72 65 74 20 69 6e 66 6f  | top secret info|
00000130  72 6d 61 74 69 6f 6e 20 69 73 20 64 65 61 74 68  |rmation is death|
00000140  21                                               |!|
-- 1995 tree --
00000000  41 72 6d 69 6e 67 20 54 68 65 20 4e 75 63 6c 65  |Arming The Nucle|
00000010  61 72 20 44 65 76 69 63 65 0d 0d 54 6f 20 61 72  |ar Device..To ar|
00000020  6d 20 74 68 65 20 4e 75 63 6c 65 61 72 20 64 65  |m the Nuclear de|
00000030  76 69 63 65 20 79 6f 75 20 6d 75 73 74 20 65 6e  |vice you must en|
00000040  74 65 72 20 74 68 65 20 66 6f 6c 6c 6f 77 69 6e  |ter the followin|
00000050  67 20 61 72 6d 69 6e 67 20 63 6f 64 65 3a 20 20  |g arming code:  |
00000060  32 38 37 30 33 33 34 2e 20 20 55 6e 64 65 72 20  |2870334.  Under |
00000070  6e 6f 20 63 69 72 63 75 6d 73 74 61 6e 63 65 73  |no circumstances|
00000080  20 73 68 6f 75 6c 64 20 74 68 65 20 62 6f 6d 62  | should the bomb|
00000090  20 62 65 20 73 65 74 20 74 6f 20 65 78 70 6c 6f  | be set to explo|
000000a0  64 65 20 61 66 74 65 72 20 31 34 30 30 20 28 32  |de after 1400 (2|
000000b0  3a 30 30 20 50 4d 29 20 6f 6e 20 46 72 69 64 61  |:00 PM) on Frida|
000000c0  79 2e 0d 0d 44 6f 6e d5 74 20 66 6f 72 67 65 74  |y...Don’t forget|
000000d0  20 79 6f 75 72 20 6f 61 74 68 20 6f 66 20 73 65  | your oath of se|
000000e0  63 72 65 63 79 20 61 73 20 61 20 53 70 65 63 69  |crecy as a Speci|
000000f0  61 6c 20 46 6f 72 63 65 73 20 41 67 65 6e 74 2e  |al Forces Agent.|
00000100  20 20 54 68 65 20 70 65 6e 61 6c 74 79 20 66 6f  |  The penalty fo|
00000110  72 20 64 69 76 75 6c 67 69 6e 67 20 74 68 69 73  |r divulging this|
00000120  20 74 6f 70 20 73 65 63 72 65 74 20 69 6e 66 6f  | top secret info|
00000130  72 6d 61 74 69 6f 6e 20 69 73 20 64 65 61 74 68  |rmation is death|
00000140  21                                               |!|
  byte diffs=0
  ascii>=4: [(0, 'Arming The Nuclear Device'), (27, 'To arm the Nuclear device you must enter the following arming code:  2870334.  Under no circumstances should the bomb be set to explode after 1400 (2:00 PM) on Friday.'), (200, 't forget your oath of secrecy as a Special Forces Agent.  The penalty for divulging this top secret information is death!')]
  u16be: [(0, 16754), (2, 28009), (4, 28263), (6, 8276), (8, 26725), (10, 8270), (12, 30051), (14, 27749), (16, 24946), (18, 8260), (20, 25974), (22, 26979), (24, 25869), (26, 3412), (28, 28448), (30, 24946), (32, 27936), (34, 29800), (36, 25888), (38, 20085), (40, 25452), (42, 25953), (44, 29216), (46, 25701), (48, 30313), (50, 25445), (52, 8313), (54, 28533), (56, 8301), (58, 30067), (60, 29728), (62, 25966), (64, 29797), (66, 29216), (68, 29800), (70, 25888), (72, 26223), (74, 27756), (76, 28535), (78, 26990), (80, 26400), (82, 24946), (84, 28009), (86, 28263), (88, 8291), (90, 28516), (92, 25914), (94, 8224), (96, 12856), (98, 14128), (100, 13107), (102, 13358), (104, 8224), (106, 21870), (108, 25701), (110, 29216), (112, 28271), (114, 8291), (116, 26994), (118, 25461), (120, 28019), (122, 29793), (124, 28259), (126, 25971), (128, 8307), (130, 26735), (132, 30060), (134, 25632), (136, 29800), (138, 25888), (140, 25199), (142, 28002), (144, 8290), (146, 25888), (148, 29541), (150, 29728), (152, 29807), (154, 8293), (156, 30832), (158, 27759), (160, 25701), (162, 8289), (164, 26228), (166, 25970), (168, 8241), (170, 13360), (172, 12320), (174, 10290), (176, 14896), (178, 12320), (180, 20557), (182, 10528), (184, 28526), (186, 8262), (188, 29289), (190, 25697), (192, 31022), (194, 3341), (196, 17519), (198, 28373), (200, 29728), (202, 26223), (204, 29287), (206, 25972), (208, 8313), (210, 28533), (212, 29216), (214, 28513), (216, 29800), (218, 8303), (220, 26144), (222, 29541), (224, 25458), (226, 25955), (228, 31008), (230, 24947), (232, 8289), (234, 8275), (236, 28773), (238, 25449), (240, 24940), (242, 8262), (244, 28530), (246, 25445), (248, 29472), (250, 16743), (252, 25966), (254, 29742), (256, 8224), (258, 21608), (260, 25888), (262, 28773), (264, 28257), (266, 27764), (268, 31008), (270, 26223), (272, 29216), (274, 25705), (276, 30325), (278, 27751), (280, 26990), (282, 26400), (284, 29800), (286, 26995), (288, 8308), (290, 28528), (292, 8307), (294, 25955), (296, 29285), (298, 29728), (300, 26990), (302, 26223), (304, 29293), (306, 24948), (308, 26991), (310, 28192), (312, 26995), (314, 8292), (316, 25953), (318, 29800)]

== T4 rsrc 195 packed=31628 u0=33144 ==

== T4(d) byte following 00/01/02 from @257 ==
  after 00: n=1793 in3-16=1774 ge80=0 le2=0 top=[(11, 256), (10, 246), (12, 221), (13, 215), (14, 177), (15, 100), (8, 92), (9, 86), (7, 84), (6, 68), (16, 65), (4, 58)]
  after 01: n=763 in3-16=752 ge80=0 le2=0 top=[(11, 142), (12, 105), (10, 95), (13, 90), (3, 62), (14, 59), (15, 47), (7, 30), (9, 27), (8, 23), (5, 22), (16, 21)]
  after 02: n=338 in3-16=336 ge80=0 le2=0 top=[(11, 80), (12, 52), (3, 43), (13, 43), (10, 31), (14, 24), (15, 16), (8, 12), (9, 8), (5, 7), (7, 7), (6, 5)]

== T4(e) consume-until-33144 ==
  packed_len=31628
  @257 lit=plus1 rep=c_minus_7f: out=31111 cons=31371 end=31628 left=0
  @257 lit=plus1 rep=highbit_plus1: out=31111 cons=31371 end=31628 left=0
  @257 lit=plus1 rep=packbits: out=33144 cons=13435 end=13692 left=17936  HIT 33144
  @257 lit=plus1 rep=none: out=30209 cons=31371 end=31628 left=0
  @257 lit=times2 rep=c_minus_7f: out=30616 cons=31371 end=31628 left=0
  @257 lit=times2 rep=highbit_plus1: out=30616 cons=31371 end=31628 left=0
  @257 lit=times2 rep=packbits: out=33144 cons=23047 end=23304 left=8324  HIT 33144
  @257 lit=times2 rep=none: out=30609 cons=31371 end=31628 left=0
  @257 lit=times4 rep=c_minus_7f: out=31095 cons=31371 end=31628 left=0
  @257 lit=times4 rep=highbit_plus1: out=31095 cons=31371 end=31628 left=0
  @257 lit=times4 rep=packbits: out=33144 cons=26077 end=26334 left=5294  HIT 33144
  @257 lit=times4 rep=none: out=30970 cons=31371 end=31628 left=0
  @257 lit=times8 rep=c_minus_7f: out=31198 cons=31371 end=31628 left=0
  @257 lit=times8 rep=highbit_plus1: out=31198 cons=31371 end=31628 left=0
  @257 lit=times8 rep=packbits: out=33144 cons=29545 end=29802 left=1826  HIT 33144
  @257 lit=times8 rep=none: out=31158 cons=31371 end=31628 left=0
  @257 nibble: out=33144 cons=9328 end=9585 left=22043  HIT 33144
  @257 opcodes(00=copy8,01=rep2,02=nop,80+=hb): out=30496 cons=31371 end=31628 left=0
  @258 lit=plus1 rep=c_minus_7f: out=31095 cons=31370 end=31628 left=0
  @258 lit=plus1 rep=highbit_plus1: out=31095 cons=31370 end=31628 left=0
  @258 lit=plus1 rep=packbits: out=33144 cons=13463 end=13721 left=17907  HIT 33144
  @258 lit=plus1 rep=none: out=30222 cons=31370 end=31628 left=0
  @258 lit=times2 rep=c_minus_7f: out=30610 cons=31370 end=31628 left=0
  @258 lit=times2 rep=highbit_plus1: out=30610 cons=31370 end=31628 left=0
  @258 lit=times2 rep=packbits: out=33144 cons=23312 end=23570 left=8058  HIT 33144
  @258 lit=times2 rep=none: out=30595 cons=31370 end=31628 left=0
  @258 lit=times4 rep=c_minus_7f: out=31067 cons=31370 end=31628 left=0
  @258 lit=times4 rep=highbit_plus1: out=31067 cons=31370 end=31628 left=0
  @258 lit=times4 rep=packbits: out=33144 cons=26179 end=26437 left=5191  HIT 33144
  @258 lit=times4 rep=none: out=30970 cons=31370 end=31628 left=0
  @258 lit=times8 rep=c_minus_7f: out=31208 cons=31370 end=31628 left=0
  @258 lit=times8 rep=highbit_plus1: out=31208 cons=31370 end=31628 left=0
  @258 lit=times8 rep=packbits: out=33144 cons=29689 end=29947 left=1681  HIT 33144
  @258 lit=times8 rep=none: out=31149 cons=31370 end=31628 left=0
  @258 nibble: out=33144 cons=9315 end=9573 left=22055  HIT 33144
  @258 opcodes(00=copy8,01=rep2,02=nop,80+=hb): out=30480 cons=31370 end=31628 left=0
  @23 lit=plus1 rep=c_minus_7f: out=31865 cons=31605 end=31628 left=0
  @23 lit=plus1 rep=highbit_plus1: out=31865 cons=31605 end=31628 left=0
  @23 lit=plus1 rep=packbits: out=33144 cons=13358 end=13381 left=18247  HIT 33144
  @23 lit=plus1 rep=none: out=30430 cons=31605 end=31628 left=0
  @23 lit=times2 rep=c_minus_7f: out=31111 cons=31605 end=31628 left=0
  @23 lit=times2 rep=highbit_plus1: out=31111 cons=31605 end=31628 left=0
  @23 lit=times2 rep=packbits: out=33144 cons=23166 end=23189 left=8439  HIT 33144
  @23 lit=times2 rep=none: out=30817 cons=31605 end=31628 left=0
  @23 lit=times4 rep=c_minus_7f: out=31487 cons=31605 end=31628 left=0
  @23 lit=times4 rep=highbit_plus1: out=31487 cons=31605 end=31628 left=0
  @23 lit=times4 rep=packbits: out=33144 cons=26262 end=26285 left=5343  HIT 33144
  @23 lit=times4 rep=none: out=31210 cons=31605 end=31628 left=0
  @23 lit=times8 rep=c_minus_7f: out=31425 cons=31605 end=31628 left=0
  @23 lit=times8 rep=highbit_plus1: out=31425 cons=31605 end=31628 left=0
  @23 lit=times8 rep=packbits: out=33144 cons=29698 end=29721 left=1907  HIT 33144
  @23 lit=times8 rep=none: out=31382 cons=31605 end=31628 left=0
  @23 nibble: out=33144 cons=9451 end=9474 left=22154  HIT 33144
  @23 opcodes(00=copy8,01=rep2,02=nop,80+=hb): out=30907 cons=31605 end=31628 left=0
  @257 SWAP lit=plus1 (low=rep,high=copy): out=28232 cons=31371 end=31628 left=0
  @257 SWAP lit=times8 (low=rep,high=copy): out=33144 cons=17557 end=17814 left=13814  HIT 33144
  @258 SWAP lit=plus1 (low=rep,high=copy): out=28393 cons=31370 end=31628 left=0
  @258 SWAP lit=times8 (low=rep,high=copy): out=33144 cons=17449 end=17707 left=13921  HIT 33144
  winners=[]

== T4 full-stream out vs 33144 (no target) @257/@258 ==
  @257 plus1/highbit_plus1 out=31111 d=-2033 cons=31371 left=0
  @257 plus1/c_minus_7f out=31111 d=-2033 cons=31371 left=0
  @257 times8/highbit_plus1 out=31198 d=-1946 cons=31371 left=0
  @257 times8/c_minus_7f out=31198 d=-1946 cons=31371 left=0
  @257 nibble out=125628 d=+92484 cons=31371
  @257 opcodes out=30496 d=-2648 cons=31371
  @258 plus1/highbit_plus1 out=31095 d=-2049 cons=31370 left=0
  @258 plus1/c_minus_7f out=31095 d=-2049 cons=31370 left=0
  @258 times8/highbit_plus1 out=31208 d=-1936 cons=31370 left=0
  @258 times8/c_minus_7f out=31208 d=-1936 cons=31370 left=0
  @258 nibble out=125665 d=+92521 cons=31370
  @258 opcodes out=30480 d=-2664 cons=31370
