compact n=15 [(29, 3, 3, 255, 129), (34, 4, 3, 238, 129), (39, 5, 3, 221, 129), (44, 6, 3, 204, 129), (49, 7, 3, 187, 129), (54, 8, 3, 170, 129), (59, 9, 3, 153, 129), (64, 10, 3, 136, 129), (69, 11, 3, 119, 129), (74, 12, 3, 102, 129), (79, 13, 3, 85, 129), (84, 14, 3, 68, 129), (89, 15, 3, 51, 129), (94, 16, 3, 34, 128), (99, 4, 17, 129, 0)]
blue ramp [(4, (210, 218, 251)), (5, (189, 197, 246)), (6, (167, 175, 241)), (7, (146, 154, 237)), (8, (125, 133, 232)), (9, (103, 111, 227)), (10, (82, 90, 222)), (11, (72, 79, 198)), (12, (63, 69, 173)), (13, (53, 58, 148)), (14, (44, 47, 123)), (15, (34, 37, 98)), (16, (25, 26, 73))]
needle 0b0d0c.. at 258
  wrote starts 219
  wrote starts 227
  wrote starts 235
  wrote starts 243
  wrote starts 251
  wrote starts 256
  wrote starts 258
  wrote starts 259
  wrote starts 264
  wrote starts 267
  wrote starts 275
  wrote starts 280
  wrote starts 288
canonical 195_a/b from raw@219 gray palette
