XY at 2328+23008=25336 00 00 00 00 00 00 00 00 00 00 00 00 00 00 00 00 u16=(0, 0, 0, 0)
second HP neighborhood
  00006108 00 00 00 00 00 00 00 00 00 00 00 00 00 00 00 00
  00006118 00 00 00 00 00 00 00 00 00 00 00 00 00 00 00 00
  00006128 00 00 00 00 42 00 00 00 42 00 01 80 00 3c 00 3c
  00006138 00 00 00 03 00 00 00 00 00 03 00 00 00 00 00 00
  00006148 00 00 00 00 00 00 00 00 00 00 00 03 00 00 00 00
8-aligned 114 in L0 n=0 []
L0 unaligned i16 114: [1665, 1789, 2353, 2369, 2417, 3441, 4369, 4561]
  L0+1665 00 ff ff 00 00 61 42 00 00 72 40 c1 00 c0 07 00
  L0+1789 00 e0 07 00 00 ff ff 00 00 72 a8 00 00 45 df cd
  L0+2353 00 00 00 00 00 16 00 00 00 72 00 cc 80 40 07 00
  L0+2369 00 ff ff 00 00 1a 00 00 00 72 00 cc 80 40 07 00
  L0+2417 00 ff ff 00 00 1e 00 00 00 72 00 cc 81 40 07 00
  L0+3441 00 00 4f 00 00 58 9c 00 00 72 d6 cd 10 20 07 00
  L0+4369 00 00 48 00 00 1c f4 00 00 72 60 cc 82 00 07 00
  L0+4561 00 ff ff 00 00 42 00 00 00 72 00 c0 00 20 07 00
player 0-4000 i16 114: [3037, 3667]
u16 2312-2334:
  2312 0
  2314 0
  2316 0
  2318 1024
  2320 2
  2322 0
  2324 304
  2326 99
  2328 6
  2330 2
  2332 1
  2334 33023
time@1786=5204
u16 1860-1920: [0, 0, 0, 0, 6903, 0, 2669, 302, 60, 60, 0, 3, 0, 0, 3, 0, 0, 1, 0, 48, 0, 0, 0, 3, 0, 0, 0, 0, 0, 0]
L0 from 256 as 8-byte:
  +256 00 00 00 00 00 34 00 01 (0, 0, 52, 1)
  +264 00 23 00 00 00 03 00 01 (35, 0, 3, 1)
  +272 00 23 00 00 00 04 00 01 (35, 0, 4, 1)
  +280 00 23 00 00 00 05 00 01 (35, 0, 5, 1)
  +288 00 23 00 00 00 06 00 01 (35, 0, 6, 1)
  +296 00 23 00 00 00 08 00 01 (35, 0, 8, 1)
  +304 00 23 00 00 00 09 00 01 (35, 0, 9, 1)
  +312 00 23 00 00 00 0a 00 01 (35, 0, 10, 1)
  +320 00 23 00 00 00 0b 00 01 (35, 0, 11, 1)
  +328 00 23 00 00 00 0c 00 01 (35, 0, 12, 1)
  +336 00 23 00 00 00 0d 00 01 (35, 0, 13, 1)
  +344 00 23 00 00 00 0e 00 01 (35, 0, 14, 1)
  +352 00 23 00 00 00 10 00 01 (35, 0, 16, 1)
  +360 00 23 00 00 00 11 00 01 (35, 0, 17, 1)
  +368 00 23 00 00 00 12 00 01 (35, 0, 18, 1)
  +376 00 23 00 00 00 1a 00 01 (35, 0, 26, 1)
  +384 00 23 00 00 00 1b 00 01 (35, 0, 27, 1)
  +392 00 23 00 00 00 1d 00 01 (35, 0, 29, 1)
  +400 00 23 00 00 00 1e 00 01 (35, 0, 30, 1)
  +408 00 23 00 00 00 1f 00 01 (35, 0, 31, 1)
