== body[256:] match vs each template ==
  L00 'Ground Floor'                           header= 84.77 body= 78.24
  L01 'Never Stop Firing'                      header= 84.77 body= 71.89
  L02 'Lock&Load'                              header= 84.77 body= 70.39
  L03 'They May Be Slow…'                      header= 84.77 body= 68.79
  L04 '…But They’re Hungry'                    header= 84.77 body= 80.16
  L05 'Evil Undead Phantasms Must Die!'        header= 84.77 body= 84.47
  L06 'Ascension'                              header= 84.77 body= 64.98
  L07 'Wrong Way!'                             header= 84.77 body= 62.65
  L08 'Welcome, Tasty Primate'                 header= 84.77 body= 65.98
  L09 'We Can See In The Dark… Can You?'       header= 84.77 body= 60.44
  L10 'Feel the Power'                         header= 84.77 body= 60.16
  L11 'A Plague of Demons'                     header= 84.77 body= 62.60
  L12 'Beware of Low-Flying Nightmares'        header= 84.77 body= 69.81
  L13 'The Labyrinth'                          header= 84.77 body= 65.45
  L14 'Happy Happy, Carnage Carnage'           header= 84.77 body= 61.48
  L15 'Need a Light?'                          header= 84.77 body= 62.04
  L16 'Lasciate Ogne Speranza, Voi Ch’Intrate' header= 84.77 body= 69.52
  L17 'Watch Your Step'                        header= 84.77 body= 69.75
  L18 'I’d Rather Be Surfing'                  header= 84.77 body= 80.76
  L19 'Warning: Earthquake Zone'               header= 84.77 body= 75.91
  L20 'Don’t Get Poisoned!'                    header= 84.77 body= 72.82
  L21 'Please Excuse Our Dust'                 header= 84.77 body= 58.31
  L22 'But Wait!— That’s Not All!'             header= 84.77 body= 68.09
  L23 'Where Only Fools Dare Tread'            header= 84.77 body= 82.20
  L24 'Ok, Who Else Wants Some?'               header= 84.77 body= 99.91

LIVE n=85 term=936
  [000] +256 (0, 0, 31, 4)
  [001] +264 (60, 0, 58, 4)
  [002] +272 (60, 0, 59, 4)
  [003] +280 (60, 0, 60, 3)
  [004] +288 (90, 0, 62, 3)
  [005] +296 (90, 0, 63, 3)
  [006] +304 (90, 0, 64, 3)
  [007] +312 (90, 0, 65, 3)
  [008] +320 (90, 0, 66, 3)
  [009] +328 (90, 0, 67, 4)
  [010] +336 (60, 0, 76, 4)
  [011] +344 (60, 0, 77, 4)
  [012] +352 (60, 0, 78, 3)
  [013] +360 (90, 0, 79, 3)
  [014] +368 (90, 0, 80, 3)
  [015] +376 (90, 0, 81, 3)
  [016] +384 (90, 0, 82, 3)
  [017] +392 (90, 0, 83, 4)
  [018] +400 (60, 0, 84, 4)
  [019] +408 (60, 0, 85, 3)
  [020] +416 (90, 0, 88, 3)
  [021] +424 (90, 0, 89, 3)
  [022] +432 (90, 0, 141, 3)
  [023] +440 (90, 0, 142, 3)
  [024] +448 (90, 0, 143, 3)
  [025] +456 (90, 0, 144, 3)
  [026] +464 (90, 0, 145, 3)
  [027] +472 (90, 0, 146, 3)
  [028] +480 (90, 0, 147, 3)
  [029] +488 (90, 0, 148, 3)
  [030] +496 (90, 0, 149, 3)
  [031] +504 (90, 0, 150, 3)
  [032] +512 (90, 0, 150, 0)
  [033] +520 (0, 0, 0, 0)
  [034] +528 (0, 0, 0, 0)
  [035] +536 (0, 0, 0, 0)
  [036] +544 (0, 0, 0, 0)
  [037] +552 (0, 0, 0, 0)
  [038] +560 (0, 0, 0, 0)
  [039] +568 (0, 0, 0, 0)
  [040] +576 (0, 0, 0, 0)
  [041] +584 (0, 0, 0, 0)
  [042] +592 (0, 0, 0, 0)
  [043] +600 (0, 0, 0, 0)
  [044] +608 (0, 0, 0, 0)
  [045] +616 (0, 0, 0, 0)
  [046] +624 (0, 0, 0, 0)
  [047] +632 (0, 0, 0, 0)
  [048] +640 (0, 0, 0, 0)
  [049] +648 (0, 0, 0, 0)
  [050] +656 (0, 0, 0, 0)
  [051] +664 (0, 0, 0, 0)
  [052] +672 (0, 0, 0, 0)
  [053] +680 (0, 0, 0, 0)
  [054] +688 (0, 0, 0, 0)
  [055] +696 (0, 0, 0, 0)
  [056] +704 (0, 0, 0, 0)
  [057] +712 (0, 0, 0, 0)
  [058] +720 (0, 0, 0, 0)
  [059] +728 (0, 0, 0, 0)
  [060] +736 (0, 0, 0, 7) q7
  [061] +744 (26, 5, 49, 0)
  [062] +752 (54, 3, 55, 4)
  [063] +760 (56, 6, 87, 10)
  [064] +768 (114, 35, 114, 35)
  [065] +776 (137, 65535, 137, 20)
  [066] +784 (138, 65535, 138, 21)
  [067] +792 (138, 21, 140, 65535)
  [068] +800 (140, 23, 116, 37)
  [069] +808 (116, 37, 116, 37)
  [070] +816 (116, 37, 116, 37)
  [071] +824 (116, 37, 116, 37)
  [072] +832 (116, 37, 116, 37)
  [073] +840 (116, 37, 116, 37)
  [074] +848 (116, 37, 116, 37)
  [075] +856 (116, 37, 0, 0)
  [076] +864 (46, 0, 2, 65535)
  [077] +872 (51, 0, 5, 65535) ammo
  [078] +880 (51, 0, 5, 65535) ammo
  [079] +888 (51, 0, 8, 65535) ammo
  [080] +896 (51, 0, 8, 65535) ammo
  [081] +904 (51, 0, 8, 65535) ammo
  [082] +912 (22, 0, 0, 65535)
  [083] +920 (52, 0, 32, 65535)
  [084] +928 (52, 0, 32, 65535)

T0 n=85 term=936
  [000] +256 (0, 0, 52, 1)
  [001] +264 (35, 0, 3, 1)
  [002] +272 (35, 0, 4, 1)
  [003] +280 (35, 0, 5, 1)
  [004] +288 (35, 0, 6, 1)
  [005] +296 (35, 0, 8, 1)
  [006] +304 (35, 0, 9, 1)
  [007] +312 (35, 0, 10, 1)
  [008] +320 (35, 0, 11, 1)
  [009] +328 (35, 0, 12, 1)
  [010] +336 (35, 0, 13, 1)
  [011] +344 (35, 0, 14, 1)
  [012] +352 (35, 0, 16, 1)
  [013] +360 (35, 0, 17, 1)
  [014] +368 (35, 0, 18, 1)
  [015] +376 (35, 0, 26, 1)
  [016] +384 (35, 0, 27, 1)
  [017] +392 (35, 0, 29, 1)
  [018] +400 (35, 0, 30, 1)
  [019] +408 (35, 0, 31, 1)
  [020] +416 (35, 0, 32, 1)
  [021] +424 (35, 0, 33, 1)
  [022] +432 (35, 0, 35, 1)
  [023] +440 (35, 0, 36, 1)
  [024] +448 (35, 0, 37, 1)
  [025] +456 (35, 0, 38, 1)
  [026] +464 (35, 0, 41, 1)
  [027] +472 (35, 0, 42, 1)
  [028] +480 (35, 0, 43, 1) alcove
  [029] +488 (35, 0, 46, 1)
  [030] +496 (35, 0, 47, 1)
  [031] +504 (35, 0, 48, 1)
  [032] +512 (35, 0, 49, 1)
  [033] +520 (35, 0, 51, 1) ammo
  [034] +528 (35, 0, 52, 1)
  [035] +536 (35, 0, 53, 1) alcove
  [036] +544 (35, 0, 54, 1)
  [037] +552 (35, 0, 56, 1)
  [038] +560 (35, 0, 57, 1) alcove
  [039] +568 (35, 0, 58, 1)
  [040] +576 (35, 0, 59, 1)
  [041] +584 (35, 0, 60, 1)
  [042] +592 (35, 0, 61, 1)
  [043] +600 (35, 0, 62, 1)
  [044] +608 (35, 0, 64, 1)
  [045] +616 (35, 0, 66, 1)
  [046] +624 (35, 0, 67, 1)
  [047] +632 (35, 0, 25, 1)
  [048] +640 (35, 0, 45, 4) alcove
  [049] +648 (60, 0, 68, 4)
  [050] +656 (60, 0, 1, 1)
  [051] +664 (35, 0, 65, 4)
  [052] +672 (60, 0, 15, 4)
  [053] +680 (60, 0, 15, 4)
  [054] +688 (60, 0, 15, 4)
  [055] +696 (60, 0, 15, 4)
  [056] +704 (60, 0, 15, 4)
  [057] +712 (60, 0, 15, 4)
  [058] +720 (60, 0, 15, 4)
  [059] +728 (60, 0, 15, 4)
  [060] +736 (60, 0, 15, 9)
  [061] +744 (93, 0, 103, 1)
  [062] +752 (28, 2, 39, 3)
  [063] +760 (40, 4, 161, 5)
  [064] +768 (170, 6, 205, 7) q7
  [065] +776 (206, 8, 0, 0)
  [066] +784 (0, 0, 0, 0)
  [067] +792 (0, 0, 0, 0)
  [068] +800 (0, 0, 0, 0)
  [069] +808 (0, 0, 0, 0)
  [070] +816 (0, 0, 0, 0)
  [071] +824 (0, 0, 0, 0)
  [072] +832 (0, 0, 0, 0)
  [073] +840 (0, 0, 0, 0)
  [074] +848 (0, 0, 0, 0)
  [075] +856 (0, 0, 0, 0)
  [076] +864 (51, 0, 8, 65535) ammo
  [077] +872 (51, 0, 5, 65535) ammo
  [078] +880 (51, 0, 8, 65535) ammo
  [079] +888 (51, 0, 8, 65535) ammo
  [080] +896 (51, 0, 8, 65535) ammo
  [081] +904 (51, 0, 8, 65535) ammo
  [082] +912 (51, 0, 8, 65535) ammo
  [083] +920 (51, 0, 8, 65535) ammo
  [084] +928 (64, 0, 300, 65535)

T24 n=89 term=968
  [000] +256 (0, 0, 31, 4)
  [001] +264 (60, 0, 58, 4)
  [002] +272 (60, 0, 59, 4)
  [003] +280 (60, 0, 60, 3)
  [004] +288 (90, 0, 62, 3)
  [005] +296 (90, 0, 63, 3)
  [006] +304 (90, 0, 64, 3)
  [007] +312 (90, 0, 65, 3)
  [008] +320 (90, 0, 66, 3)
  [009] +328 (90, 0, 67, 4)
  [010] +336 (60, 0, 76, 4)
  [011] +344 (60, 0, 77, 4)
  [012] +352 (60, 0, 78, 3)
  [013] +360 (90, 0, 79, 3)
  [014] +368 (90, 0, 80, 3)
  [015] +376 (90, 0, 81, 3)
  [016] +384 (90, 0, 82, 3)
  [017] +392 (90, 0, 83, 4)
  [018] +400 (60, 0, 84, 4)
  [019] +408 (60, 0, 85, 3)
  [020] +416 (90, 0, 88, 3)
  [021] +424 (90, 0, 89, 3)
  [022] +432 (90, 0, 141, 3)
  [023] +440 (90, 0, 142, 3)
  [024] +448 (90, 0, 143, 3)
  [025] +456 (90, 0, 144, 3)
  [026] +464 (90, 0, 145, 3)
  [027] +472 (90, 0, 146, 3)
  [028] +480 (90, 0, 147, 3)
  [029] +488 (90, 0, 148, 3)
  [030] +496 (90, 0, 149, 3)
  [031] +504 (90, 0, 150, 3)
  [032] +512 (90, 0, 150, 0)
  [033] +520 (0, 0, 0, 0)
  [034] +528 (0, 0, 0, 0)
  [035] +536 (0, 0, 0, 0)
  [036] +544 (0, 0, 0, 0)
  [037] +552 (0, 0, 0, 0)
  [038] +560 (0, 0, 0, 0)
  [039] +568 (0, 0, 0, 0)
  [040] +576 (0, 0, 0, 0)
  [041] +584 (0, 0, 0, 0)
  [042] +592 (0, 0, 0, 0)
  [043] +600 (0, 0, 0, 0)
  [044] +608 (0, 0, 0, 0)
  [045] +616 (0, 0, 0, 0)
  [046] +624 (0, 0, 0, 0)
  [047] +632 (0, 0, 0, 0)
  [048] +640 (0, 0, 0, 0)
  [049] +648 (0, 0, 0, 0)
  [050] +656 (0, 0, 0, 0)
  [051] +664 (0, 0, 0, 0)
  [052] +672 (0, 0, 0, 0)
  [053] +680 (0, 0, 0, 0)
  [054] +688 (0, 0, 0, 0)
  [055] +696 (0, 0, 0, 0)
  [056] +704 (0, 0, 0, 0)
  [057] +712 (0, 0, 0, 0)
  [058] +720 (0, 0, 0, 0)
  [059] +728 (0, 0, 0, 0)
  [060] +736 (0, 0, 0, 8)
  [061] +744 (26, 5, 49, 0)
  [062] +752 (54, 3, 55, 4)
  [063] +760 (56, 6, 57, 9)
  [064] +768 (87, 10, 114, 35)
  [065] +776 (137, 65535, 137, 20)
  [066] +784 (138, 65535, 138, 21)
  [067] +792 (138, 21, 140, 65535)
  [068] +800 (140, 23, 116, 37)
  [069] +808 (116, 37, 116, 37)
  [070] +816 (116, 37, 116, 37)
  [071] +824 (116, 37, 116, 37)
  [072] +832 (116, 37, 116, 37)
  [073] +840 (116, 37, 116, 37)
  [074] +848 (116, 37, 116, 37)
  [075] +856 (116, 37, 0, 0)
  [076] +864 (46, 0, 2, 65535)
  [077] +872 (51, 0, 5, 65535) ammo
  [078] +880 (51, 0, 5, 65535) ammo
  [079] +888 (51, 0, 8, 65535) ammo
  [080] +896 (51, 0, 8, 65535) ammo
  [081] +904 (51, 0, 8, 65535) ammo
  [082] +912 (22, 0, 0, 65535)
  [083] +920 (52, 0, 32, 65535)
  [084] +928 (52, 0, 32, 65535)
  [085] +936 (51, 0, 7, 65535) ammo q7
  [086] +944 (51, 0, 8, 65535) ammo
  [087] +952 (52, 0, 32, 65535)
  [088] +960 (19, 0, 0, 65535)

== LIVE vs T0 (n 85 vs 85) ==
  rec[0] T0=(0, 0, 52, 1) LIVE=(0, 0, 31, 4)
  rec[1] T0=(35, 0, 3, 1) LIVE=(60, 0, 58, 4)
  rec[2] T0=(35, 0, 4, 1) LIVE=(60, 0, 59, 4)
  rec[3] T0=(35, 0, 5, 1) LIVE=(60, 0, 60, 3)
  rec[4] T0=(35, 0, 6, 1) LIVE=(90, 0, 62, 3)
  rec[5] T0=(35, 0, 8, 1) LIVE=(90, 0, 63, 3)
  rec[6] T0=(35, 0, 9, 1) LIVE=(90, 0, 64, 3)
  rec[7] T0=(35, 0, 10, 1) LIVE=(90, 0, 65, 3)
  rec[8] T0=(35, 0, 11, 1) LIVE=(90, 0, 66, 3)
  rec[9] T0=(35, 0, 12, 1) LIVE=(90, 0, 67, 4)
  rec[10] T0=(35, 0, 13, 1) LIVE=(60, 0, 76, 4)
  rec[11] T0=(35, 0, 14, 1) LIVE=(60, 0, 77, 4)
  rec[12] T0=(35, 0, 16, 1) LIVE=(60, 0, 78, 3)
  rec[13] T0=(35, 0, 17, 1) LIVE=(90, 0, 79, 3)
  rec[14] T0=(35, 0, 18, 1) LIVE=(90, 0, 80, 3)
  rec[15] T0=(35, 0, 26, 1) LIVE=(90, 0, 81, 3)
  rec[16] T0=(35, 0, 27, 1) LIVE=(90, 0, 82, 3)
  rec[17] T0=(35, 0, 29, 1) LIVE=(90, 0, 83, 4)
  rec[18] T0=(35, 0, 30, 1) LIVE=(60, 0, 84, 4)
  rec[19] T0=(35, 0, 31, 1) LIVE=(60, 0, 85, 3)
  rec[20] T0=(35, 0, 32, 1) LIVE=(90, 0, 88, 3)
  rec[21] T0=(35, 0, 33, 1) LIVE=(90, 0, 89, 3)
  rec[22] T0=(35, 0, 35, 1) LIVE=(90, 0, 141, 3)
  rec[23] T0=(35, 0, 36, 1) LIVE=(90, 0, 142, 3)
  rec[24] T0=(35, 0, 37, 1) LIVE=(90, 0, 143, 3)
  rec[25] T0=(35, 0, 38, 1) LIVE=(90, 0, 144, 3)
  rec[26] T0=(35, 0, 41, 1) LIVE=(90, 0, 145, 3)
  rec[27] T0=(35, 0, 42, 1) LIVE=(90, 0, 146, 3)
  rec[28] T0=(35, 0, 43, 1) LIVE=(90, 0, 147, 3)
  rec[29] T0=(35, 0, 46, 1) LIVE=(90, 0, 148, 3)
  rec[30] T0=(35, 0, 47, 1) LIVE=(90, 0, 149, 3)
  rec[31] T0=(35, 0, 48, 1) LIVE=(90, 0, 150, 3)
  rec[32] T0=(35, 0, 49, 1) LIVE=(90, 0, 150, 0)
  rec[33] T0=(35, 0, 51, 1) LIVE=(0, 0, 0, 0)
  rec[34] T0=(35, 0, 52, 1) LIVE=(0, 0, 0, 0)
  rec[35] T0=(35, 0, 53, 1) LIVE=(0, 0, 0, 0)
  rec[36] T0=(35, 0, 54, 1) LIVE=(0, 0, 0, 0)
  rec[37] T0=(35, 0, 56, 1) LIVE=(0, 0, 0, 0)
  rec[38] T0=(35, 0, 57, 1) LIVE=(0, 0, 0, 0)
  rec[39] T0=(35, 0, 58, 1) LIVE=(0, 0, 0, 0)
  rec[40] T0=(35, 0, 59, 1) LIVE=(0, 0, 0, 0)
  rec[41] T0=(35, 0, 60, 1) LIVE=(0, 0, 0, 0)
  rec[42] T0=(35, 0, 61, 1) LIVE=(0, 0, 0, 0)
  rec[43] T0=(35, 0, 62, 1) LIVE=(0, 0, 0, 0)
  rec[44] T0=(35, 0, 64, 1) LIVE=(0, 0, 0, 0)
  rec[45] T0=(35, 0, 66, 1) LIVE=(0, 0, 0, 0)
  rec[46] T0=(35, 0, 67, 1) LIVE=(0, 0, 0, 0)
  rec[47] T0=(35, 0, 25, 1) LIVE=(0, 0, 0, 0)
  rec[48] T0=(35, 0, 45, 4) LIVE=(0, 0, 0, 0)
  rec[49] T0=(60, 0, 68, 4) LIVE=(0, 0, 0, 0)
  rec[50] T0=(60, 0, 1, 1) LIVE=(0, 0, 0, 0)
  rec[51] T0=(35, 0, 65, 4) LIVE=(0, 0, 0, 0)
  rec[52] T0=(60, 0, 15, 4) LIVE=(0, 0, 0, 0)
  rec[53] T0=(60, 0, 15, 4) LIVE=(0, 0, 0, 0)
  rec[54] T0=(60, 0, 15, 4) LIVE=(0, 0, 0, 0)
  rec[55] T0=(60, 0, 15, 4) LIVE=(0, 0, 0, 0)
  rec[56] T0=(60, 0, 15, 4) LIVE=(0, 0, 0, 0)
  rec[57] T0=(60, 0, 15, 4) LIVE=(0, 0, 0, 0)
  rec[58] T0=(60, 0, 15, 4) LIVE=(0, 0, 0, 0)
  rec[59] T0=(60, 0, 15, 4) LIVE=(0, 0, 0, 0)
  rec[60] T0=(60, 0, 15, 9) LIVE=(0, 0, 0, 7)
  rec[61] T0=(93, 0, 103, 1) LIVE=(26, 5, 49, 0)
  rec[62] T0=(28, 2, 39, 3) LIVE=(54, 3, 55, 4)
  rec[63] T0=(40, 4, 161, 5) LIVE=(56, 6, 87, 10)
  rec[64] T0=(170, 6, 205, 7) LIVE=(114, 35, 114, 35)
  rec[65] T0=(206, 8, 0, 0) LIVE=(137, 65535, 137, 20)
  rec[66] T0=(0, 0, 0, 0) LIVE=(138, 65535, 138, 21)
  rec[67] T0=(0, 0, 0, 0) LIVE=(138, 21, 140, 65535)
  rec[68] T0=(0, 0, 0, 0) LIVE=(140, 23, 116, 37)
  rec[69] T0=(0, 0, 0, 0) LIVE=(116, 37, 116, 37)
  rec[70] T0=(0, 0, 0, 0) LIVE=(116, 37, 116, 37)
  rec[71] T0=(0, 0, 0, 0) LIVE=(116, 37, 116, 37)
  rec[72] T0=(0, 0, 0, 0) LIVE=(116, 37, 116, 37)
  rec[73] T0=(0, 0, 0, 0) LIVE=(116, 37, 116, 37)
  rec[74] T0=(0, 0, 0, 0) LIVE=(116, 37, 116, 37)
  rec[75] T0=(0, 0, 0, 0) LIVE=(116, 37, 0, 0)
  rec[76] T0=(51, 0, 8, 65535) LIVE=(46, 0, 2, 65535)
  rec[78] T0=(51, 0, 8, 65535) LIVE=(51, 0, 5, 65535)
  rec[82] T0=(51, 0, 8, 65535) LIVE=(22, 0, 0, 65535)
  rec[83] T0=(51, 0, 8, 65535) LIVE=(52, 0, 32, 65535)
  rec[84] T0=(64, 0, 300, 65535) LIVE=(52, 0, 32, 65535)
  pairwise equal=4/85

== LIVE vs T24 (n 85 vs 89) ==
  rec[60] T24=(0, 0, 0, 8) LIVE=(0, 0, 0, 7)
  rec[63] T24=(56, 6, 57, 9) LIVE=(56, 6, 87, 10)
  rec[64] T24=(87, 10, 114, 35) LIVE=(114, 35, 114, 35)
  pairwise equal=82/85

== 8-aligned records containing u16be 44 ==
  n=38
    @16490 (7, 0, 44, 0)
    @16492 (0, 44, 0, 16908)
    @16494 (44, 0, 16908, 0)
    @22914 (1, 35, 0, 44)
    @22916 (35, 0, 44, 1)
    @22918 (0, 44, 1, 35)
    @22920 (44, 1, 35, 0)
    @42374 (7, 0, 44, 0)
    @42376 (0, 44, 0, 16908)
    @42378 (44, 0, 16908, 0)
    @48798 (1, 35, 0, 44)
    @48800 (35, 0, 44, 1)
    @48802 (0, 44, 1, 35)
    @48804 (44, 1, 35, 0)
    @76430 (4, 60, 0, 44)
    @76432 (60, 0, 44, 4)
    @76434 (0, 44, 4, 60)
    @76436 (44, 4, 60, 0)
    @96264 (0, 44, 0, 16049)
    @96266 (44, 0, 16049, 0)
    @113038 (15, 333, 24, 44)
    @113040 (333, 24, 44, 4)
    @113042 (24, 44, 4, 43)
    @113044 (44, 4, 43, 0)
    @114264 (0, 44, 0, 9723)
    @114266 (44, 0, 9723, 0)
    @136872 (0, 44, 0, 20113)
    @136874 (44, 0, 20113, 0)
    @162784 (0, 44, 0, 4683)
    @162786 (44, 0, 4683, 0)
    @180752 (0, 44, 0, 18944)
    @180754 (44, 0, 18944, 0)
    @190968 (0, 44, 0, 6357)
    @190970 (44, 0, 6357, 0)
    @194702 (10, 220, 0, 44)
    @194704 (220, 0, 44, 10)
    @194706 (0, 44, 10, 220)
    @194708 (44, 10, 220, 0)

== other packed-list starts (first rec match LIVE or T0) ==
  list@39648 n=85 sameT0=True sameLIVE=False first=(0, 0, 52, 1) last=(64, 0, 300, 65535)
  list@258336 n=89 sameT0=False sameLIVE=False first=(0, 0, 31, 4) last=(19, 0, 0, 65535)
  list@267448 n=85 sameT0=False sameLIVE=True first=(0, 0, 31, 4) last=(52, 0, 32, 65535)
