== rsrc 195 bytes 23..230 ==
00000000  02 00 00 02 00 10 00 03 03 ff 81 00 04 03 ee 81  |.........ˇÅ...ÓÅ|
00000010  00 05 03 dd 81 00 06 03 cc 81 00 07 03 bb 81 00  |...›Å...ÃÅ...ªÅ.|
00000020  08 03 aa 81 00 09 03 99 81 00 0a 03 88 81 00 0b  |..™Å...ôÅ...àÅ..|
00000030  03 77 81 00 0c 03 66 81 00 0d 03 55 81 00 0e 03  |.wÅ...fÅ...UÅ...|
00000040  44 81 00 0f 03 33 81 00 10 03 22 80 00 04 11 81  |DÅ...3Å..."Ä...Å|
00000050  00 12 04 00 f0 03 e7 e7 ef ef ff ff 00 04 d2 d2  |......ÁÁÔÔˇˇ..““|
00000060  da da fb fb 00 05 bd bd c5 c5 f6 f6 00 06 a7 a7  |⁄⁄˚˚..ΩΩ≈≈ˆˆ..ßß|
00000070  af af f1 f1 00 07 92 92 9a 9a ed ed 00 08 7d 7d  |ØØÒÒ..ííööÌÌ..}}|
00000080  85 85 e8 e8 00 09 67 67 6f 6f e3 e3 00 0a 52 52  |ÖÖËË..ggoo„„..RR|
00000090  5a 5a de de 00 0b 48 48 4f 4f c6 c6 00 0c 3f 3f  |ZZﬁﬁ..HHOO∆∆..??|
000000a0  45 45 ad ad 00 0d 35 35 3a 3a 94 94 00 0e 2c 2c  |EE≠≠..55::îî..,,|
000000b0  2f 2f 7b 7b 00 0f 22 22 25 25 62 62 00 10 19 19  |//{{..""%%bb....|
000000c0  1a 1a 49 49 00 11 01 10 83 31 31 00 12 04 00     |..II....É11....|

mac-filtered clut runs: [(115, 4, 16, 13)]
  idx   4 raw=(0xd2d2,0xdada,0xfbfb) rgb=(210, 218, 251)
  idx   5 raw=(0xbdbd,0xc5c5,0xf6f6) rgb=(189, 197, 246)
  idx   6 raw=(0xa7a7,0xafaf,0xf1f1) rgb=(167, 175, 241)
  idx   7 raw=(0x9292,0x9a9a,0xeded) rgb=(146, 154, 237)
  idx   8 raw=(0x7d7d,0x8585,0xe8e8) rgb=(125, 133, 232)
  idx   9 raw=(0x6767,0x6f6f,0xe3e3) rgb=(103, 111, 227)
  idx  10 raw=(0x5252,0x5a5a,0xdede) rgb=(82, 90, 222)
  idx  11 raw=(0x4848,0x4f4f,0xc6c6) rgb=(72, 79, 198)
  idx  12 raw=(0x3f3f,0x4545,0xadad) rgb=(63, 69, 173)
  idx  13 raw=(0x3535,0x3a3a,0x9494) rgb=(53, 58, 148)
  idx  14 raw=(0x2c2c,0x2f2f,0x7b7b) rgb=(44, 47, 123)
  idx  15 raw=(0x2222,0x2525,0x6262) rgb=(34, 37, 98)
  idx  16 raw=(0x1919,0x1a1a,0x4949) rgb=(25, 26, 73)

== compact records from 23 ==
  prefix 02 00 00 02 00 10 00 03 03
  start 23: n=0 last=None nextp=23
  start 25: n=0 last=None nextp=25
  start 27: n=0 last=None nextp=27
  start 29: n=14 last=[(84, 14, 3, '00 0e 03 44 81'), (89, 15, 3, '00 0f 03 33 81'), (94, 16, 3, '00 10 03 22 80')] nextp=99

clut_end=219
raw after clut: 31409 bytes
00000000  00 11 01 10 83 31 31 00 12 04 00 80 01 1c 00 80  |....É11....Ä...Ä|
00000010  01 00 00 80 01 1c 00 82 80 00 80 07 00 85 40 00  |...Ä...ÇÄ.Ä..Ö@.|
00000020  00 80 00 80 05 00 90 0b 0d 0c 0c 0b 09 06 05 06  |.Ä.Ä..ê.........|
00000030  07 09 0a 0b 0c 0b 0b 09 00 08 88 0a 0c 0e 10 10  |..........à.....|
  raw hist: [(8, 1640), (7, 1587), (9, 1479), (6, 1411), (11, 1333), (10, 1314), (5, 1166), (4, 849), (0, 842), (12, 837)]
packbits after clut: out=32768 cons=14996 left=16413
  pb hist: [(8, 2352), (6, 1808), (7, 1794), (5, 1567), (10, 1366), (4, 1239), (9, 1199), (11, 1143), (13, 860), (12, 816)]
packbits @23: out=33144 cons=15192
  pb23 from376 hist: [(8, 2350), (6, 1801), (7, 1793), (5, 1567), (10, 1246), (4, 1239), (9, 1203), (11, 1143), (13, 862), (12, 692)]
two-stream @23: a=16572 consA=7995 b=16572 consB=7282 total_cons=15277 packed_payload=31605

== M1 line codec ==
  @23 first-lines=0
  @29 first-lines=0
  @115 first-lines=0
  @219 first-lines=0
  @221 first-lines=0

== T1(b) mac-filtered union ==
  filled=140 empty_n=116 empty=[0, 1, 2, 50, 98, 114, 115, 129, 130, 131, 140, 141, 142, 143, 144, 145, 156, 157, 158, 159, 160, 161, 162, 163, 164, 165, 166, 167, 168, 169, 170, 171, 172, 173, 174, 175, 176, 177, 178, 179, 180, 181, 182, 183, 184, 185, 186, 187, 188, 189, 190, 191, 192, 193, 194, 195, 196, 197, 198, 199, 200, 201, 202, 203, 204, 205, 206, 207, 208, 209, 210, 211, 212, 213, 214, 215, 216, 217, 218, 219, 220, 221, 222, 223, 224, 225, 226, 227, 228, 229, 230, 231, 232, 233, 234, 235, 236, 237, 238, 239, 240, 241, 242, 243, 244, 245, 246, 247, 248, 249, 250, 251, 252, 253, 254, 255]
  conflicts=1842
    idx=101 vs rsrc 129 (46774, 28784, 8224) (23901, 40606, 24415)
    idx=102 vs rsrc 129 (43947, 26728, 6939) (21845, 37522, 22359)
    idx=103 vs rsrc 129 (40863, 24672, 5397) (20046, 34181, 20303)
    idx=104 vs rsrc 129 (38036, 22359, 3855) (17990, 30840, 18247)
    idx=105 vs rsrc 129 (35209, 20303, 2570) (16191, 27499, 16448)
    idx=106 vs rsrc 129 (31354, 17990, 2056) (14392, 24415, 14649)
    idx=107 vs rsrc 129 (27242, 15677, 1799) (12593, 21331, 12593)
    idx=108 vs rsrc 129 (23387, 13364, 1542) (10794, 18247, 10794)
    idx=109 vs rsrc 129 (19532, 11308, 1285) (8995, 15163, 8995)
    idx=110 vs rsrc 129 (15677, 8995, 1028) (7196, 12079, 7196)
    idx=111 vs rsrc 129 (11565, 6682, 771) (5397, 8995, 5397)
    idx=112 vs rsrc 129 (7710, 4369, 514) (3598, 5911, 3598)
    idx=113 vs rsrc 129 (3855, 2056, 257) (1799, 2827, 1799)
    idx=20 vs rsrc 129 (0, 38036, 65535) (29041, 60652, 27499)
    idx=21 vs rsrc 129 (0, 33667, 65535) (20046, 55512, 19789)
  ranges:
    128 [(20, 33, 14), (36, 40, 5), (52, 56, 5), (68, 81, 14), (84, 97, 14), (100, 113, 14), (116, 128, 13), (132, 139, 8), (146, 155, 10)]
    129 [(20, 33, 14), (36, 40, 5), (52, 56, 5), (68, 81, 14), (84, 97, 14), (101, 113, 13), (20, 33, 14), (36, 40, 5), (52, 56, 5), (68, 81, 14), (84, 97, 14), (100, 113, 14)]
    130 [(20, 23, 4), (35, 48, 14), (51, 64, 14), (20, 23, 4), (35, 48, 14), (51, 64, 14)]
    131 [(20, 24, 5)]
    132 [(20, 33, 14), (36, 40, 5), (52, 65, 14), (68, 80, 13)]
    133 [(20, 33, 14), (36, 49, 14), (52, 56, 5), (68, 72, 5), (84, 97, 14), (20, 33, 14), (36, 40, 5), (52, 65, 14), (68, 72, 5), (84, 97, 14)]
    134 [(20, 33, 14), (36, 40, 5)]
    135 [(24, 30, 7), (36, 40, 5), (52, 56, 5), (68, 81, 14)]
    136 [(3, 15, 13), (36, 49, 14), (52, 56, 5)]
    137 [(20, 33, 14), (36, 40, 5)]
    139 [(3, 15, 13), (20, 33, 14), (36, 40, 5), (5, 17, 13), (20, 33, 14), (36, 40, 5)]
    140 [(20, 31, 12)]
    141 [(3, 15, 13), (20, 24, 5), (36, 40, 5), (52, 65, 14), (68, 75, 8)]
    142 [(20, 24, 5), (36, 40, 5), (52, 65, 14), (4, 16, 13), (20, 24, 5), (36, 40, 5), (52, 65, 14)]
    148 [(20, 24, 5), (36, 40, 5), (52, 59, 8)]
    149 [(20, 24, 5), (36, 40, 5), (52, 59, 8)]
    150 [(20, 24, 5), (36, 40, 5), (52, 65, 14)]
    151 [(20, 24, 5), (36, 40, 5), (52, 59, 8), (62, 75, 14)]
    152 [(20, 33, 14), (36, 43, 8)]
    153 [(3, 8, 6), (20, 33, 14), (36, 49, 14), (4, 8, 5), (20, 24, 5), (36, 49, 14), (4, 8, 5), (20, 33, 14), (36, 49, 14)]
    154 [(3, 15, 13), (20, 33, 14), (36, 49, 14), (4, 17, 14), (20, 33, 14), (36, 49, 14)]
    155 [(20, 33, 14), (36, 49, 14), (52, 65, 14)]
    156 [(19, 23, 5), (35, 39, 5), (51, 60, 10), (67, 80, 14)]
    157 [(3, 15, 13), (20, 31, 12), (36, 49, 14)]
    158 [(3, 15, 13), (4, 8, 5), (4, 8, 5), (4, 17, 14), (4, 17, 14)]
    159 [(3, 15, 13), (20, 31, 12), (4, 8, 5), (20, 31, 12), (4, 8, 5), (20, 31, 12), (4, 17, 14), (20, 31, 12)]
    160 [(19, 23, 5), (35, 39, 5), (51, 60, 10), (67, 80, 14)]
    161 [(19, 23, 5), (35, 39, 5), (51, 60, 10), (67, 80, 14), (86, 96, 11), (99, 106, 8)]
    162 [(20, 33, 14), (36, 40, 5), (52, 65, 14)]
    163 [(3, 15, 13), (20, 24, 5), (36, 40, 5), (52, 65, 14), (68, 81, 14)]
    164 [(4, 17, 14)]
    165 [(19, 23, 5), (35, 39, 5), (51, 60, 10), (67, 80, 14), (86, 96, 11)]
    166 [(20, 34, 15), (39, 43, 5), (55, 64, 10)]
    167 [(3, 15, 13)]
    187 [(3, 9, 7), (11, 25, 15), (27, 33, 7), (53, 67, 15), (69, 76, 8), (78, 89, 12)]
    188 [(20, 33, 14), (36, 40, 5), (52, 56, 5), (68, 81, 14), (84, 97, 14), (100, 113, 14), (116, 128, 13), (132, 139, 8), (146, 155, 10)]
    190 [(3, 15, 13), (20, 24, 5)]
    191 [(3, 15, 13), (36, 40, 5)]
    192 [(3, 15, 13), (20, 33, 14), (36, 49, 14), (52, 56, 5), (68, 81, 14), (4, 17, 14), (20, 33, 14), (36, 49, 14), (52, 65, 14), (68, 81, 14), (4, 17, 14), (20, 33, 14), (36, 49, 14), (52, 65, 14), (68, 81, 14)]
    193 [(3, 8, 6), (20, 33, 14), (36, 49, 14), (53, 66, 14), (69, 73, 5), (4, 8, 5), (20, 33, 14), (53, 66, 14), (69, 73, 5), (4, 8, 5), (20, 33, 14), (69, 73, 5), (4, 8, 5), (53, 66, 14), (69, 73, 5)]
    194 [(3, 15, 13), (20, 33, 14), (52, 56, 5), (4, 17, 14), (52, 56, 5), (4, 17, 14), (20, 33, 14), (52, 56, 5), (4, 17, 14), (20, 33, 14), (52, 56, 5)]
    195 [(4, 16, 13)]
    196 [(4, 16, 13)]
    197 [(4, 16, 13)]
    198 [(4, 16, 13)]
    199 [(4, 16, 13)]
    200 [(4, 16, 13)]
    201 [(4, 16, 13)]
    202 [(4, 16, 13)]
  rewrote master_256.png with mac-filtered union
