== file size 276564 (0x43854) ==
name@0='AAA'  name@128='AAB'
name slot 0:
00000000  03 41 41 41 69 74 6c 65 64 20 61 61 6d 65 6e 67  |.AAAitled aameng|
00000010  65 20 72 75 6e 65 2e 00 00 6e 65 2e 00 20 59 6f  |e rune...ne.. Yo|
00000020  75 20 68 61 76 65 20 73 63 6f 72 65 64 20 25 64  |u have scored %d|
00000030  20 6f 66 20 25 64 20 70 6f 69 6e 74 73 20 61 6e  | of %d points an|
00000040  64 20 72 65 63 6f 76 65 72 65 64 20 24 25 64 2e  |d recovered $%d.|
00000050  25 64 25 73 20 69 6e 20 74 72 65 61 73 75 72 65  |%d%s in treasure|
00000060  2e 00 00 00 00 00 00 00 00 00 00 00 00 00 00 00  |................|
00000070  00 00 00 00 00 00 00 00 00 00 00 00 00 00 00 00  |................|
name slot 1:
00000000  03 41 41 42 73 65 65 20 61 20 73 74 72 61 6e 67  |.AABsee a strang|
00000010  65 20 72 75 6e 65 2e 00 00 2e 00 2e 00 20 59 6f  |e rune....... Yo|
00000020  75 20 68 61 76 65 20 73 63 6f 72 65 64 20 25 64  |u have scored %d|
00000030  20 6f 66 20 25 64 20 70 6f 69 6e 74 73 20 61 6e  | of %d points an|
00000040  64 20 72 65 63 6f 76 65 72 65 64 20 24 25 64 2e  |d recovered $%d.|
00000050  25 64 25 73 20 69 6e 20 74 72 65 61 73 75 72 65  |%d%s in treasure|
00000060  2e 00 00 00 00 00 00 00 00 00 00 00 00 00 00 00  |................|
00000070  00 00 00 00 00 00 00 00 00 00 00 00 00 00 00 00  |................|
  name_slot[0] @0 'AAA'
  name_slot[1] @128 'AAB'
leading name slots: 2

== single-body view (offsets from file start) ==
  time@1866=6989 hp=60/60 level=0 xy=(7,2) facing=00000000
  inventory n=10
    @2560 (0, 0, 0, 0) Map
    @2568 (0, 0, 0, 0) Map
    @2576 (0, 0, 0, 0) Map
    @2584 (0, 0, 0, 0) Map
    @2592 (0, 0, 0, 0) Map
    @2600 (0, 0, 0, 0) Map
    @2608 (0, 0, 0, 1) Map
    @2616 (1, 1, 0, 2) Digital Watch
    @2624 (2, 1, 2880, 5) Flash light
    @2632 (65535, 20054, 0, 18663) ?

== search inventory-shaped records ==
  knife id=0x2D aligned-ish hits=15
    @2672 (45, 1, 0, 65535)
    @5548 (45, 1, 0, 3)
    @14152 (45, 4, 60, 0)
    @22928 (45, 1, 35, 0)
    @25680 (45, 0, 0, 65535)
    @40036 (45, 4, 60, 0)
    @48812 (45, 1, 35, 0)
    @72066 (45, 0, 21735, 0)
    @76444 (45, 4, 60, 0)
    @88418 (45, 0, 13347, 0)
    @113052 (45, 7, 46, 16)
    @114282 (45, 0, 31351, 0)
  wammo id=0x33 aligned-ish hits=241
    @5508 (51, 0, 7, 65535)
    @14032 (51, 1, 35, 0)
    @14372 (51, 0, 8, 65535)
    @14380 (51, 0, 5, 65535)
    @14388 (51, 0, 8, 65535)
    @14396 (51, 0, 8, 65535)
    @14404 (51, 0, 8, 65535)
    @14412 (51, 0, 8, 65535)
    @14420 (51, 0, 8, 65535)
    @14428 (51, 0, 8, 65535)
    @18014 (51, 0, 12577, 0)
    @23492 (51, 0, 7, 65535)
  walther id=0x2E aligned-ish hits=32
    @152 (46, 46, 32, 22895)
    @272 (46, 20559, 8236, 12)
    @14000 (46, 1, 35, 0)
    @22936 (46, 1, 35, 0)
    @23484 (46, 0, 2, 65535)
    @23564 (46, 0, 11, 65535)
    @23588 (46, 0, 14, 65535)
    @31144 (46, 0, 2, 65535)
    @39884 (46, 1, 35, 0)
    @48820 (46, 1, 35, 0)
    @49368 (46, 0, 2, 65535)
    @49448 (46, 0, 11, 65535)
  watch id=0x01 aligned-ish hits=380
    @662 (1, 0, 0, 20)
    @1142 (1, 24, 1, 21)
    @1146 (1, 21, 2, 16)
    @1158 (1, 1, 9985, 128)
    @1160 (1, 9985, 128, 45339)
    @1282 (1, 2, 3, 4)
    @1332 (1, 2, 3, 4)
    @1682 (1, 2, 3, 4)
    @1732 (1, 2, 3, 4)
    @2020 (1, 0, 0, 0)
    @2086 (1, 1, 0, 0)
    @2088 (1, 0, 0, 0)

== repeats of xy bytes 00070002 ==
  n=2 first=[2328, 5204]

== equal-split after 256-byte names: body_len=138154 ==
  a==b bytes 51678/138154 frac=0.3741

== scan for second player-state cluster (level=0, x<32, y<32) ==
  raw level0+xy32 clusters=40812
    level@98 xy=(0,0) facing=00000000
    level@100 xy=(0,0) facing=00000000
    level@102 xy=(0,0) facing=00000000
    level@104 xy=(0,0) facing=00000000
    level@106 xy=(0,0) facing=00000000
    level@108 xy=(0,0) facing=00000000
    level@110 xy=(0,0) facing=00000341
    level@112 xy=(0,0) facing=03414142
    level@226 xy=(0,0) facing=00000000
    level@228 xy=(0,0) facing=00000000
    level@230 xy=(0,0) facing=00000000
    level@232 xy=(0,0) facing=00000000
    level@234 xy=(0,0) facing=00000000
    level@236 xy=(0,0) facing=00000000
    level@238 xy=(0,0) facing=00000000
    level@240 xy=(0,0) facing=0000014c
    level@242 xy=(0,0) facing=014c202c
    level@654 xy=(0,20) facing=00001173
    level@656 xy=(20,0) facing=11730000
    level@1680 xy=(6,7) facing=00080009
    level@1784 xy=(0,0) facing=00000000
    level@1786 xy=(0,0) facing=00000000
    level@1790 xy=(0,0) facing=00000000
    level@1792 xy=(0,0) facing=00000000
    level@1794 xy=(0,0) facing=00000000
    level@1796 xy=(0,0) facing=00000000
    level@1798 xy=(0,0) facing=00000000
    level@1800 xy=(0,0) facing=00000000
    level@1802 xy=(0,0) facing=00000000
    level@1804 xy=(0,0) facing=00000000

== half-file diffs: 86766/138282
  reserved_names=2 hdr=256 body=138154 identical=51678/138154 (0.3741)
  reserved_names=4 hdr=512 body=138026 identical=51822/138026 (0.3755)
  reserved_names=8 hdr=1024 body=137770 identical=52137/137770 (0.3784)
  reserved_names=10 hdr=1280 body=137642 identical=52322/137642 (0.3801)
  reserved_names=16 hdr=2048 body=137258 identical=52572/137258 (0.3830)

== vs previous single-save size 267452: extra=9112 ==
tail extra:
00000000  00 00 00 00 00 00 00 00 00 00 00 00 00 00 ff fe  |..............ˇ˛|
00000010  00 00 00 00 00 00 00 00 00 00 00 00 00 00 ff fe  |..............ˇ˛|
00000020  00 00 00 00 00 00 00 00 00 00 00 00 00 00 ff fe  |..............ˇ˛|
00000030  00 00 00 00 00 00 00 00 00 00 00 00 00 00 ff fe  |..............ˇ˛|
00000040  00 00 00 00 00 00 00 00 00 00 00 00 00 00 ff fe  |..............ˇ˛|
00000050  00 00 00 00 00 00 00 00 00 00 00 00 00 00 ff fe  |..............ˇ˛|
00000060  00 00 00 00 00 00 00 00 00 00 00 00 00 00 ff fe  |..............ˇ˛|
00000070  00 00 00 00 00 00 00 00 00 00 00 00 00 00 ff fe  |..............ˇ˛|
00000080  f8 ff 1f 00 f8 ff 1f 00 f0 ff 1f 00 f0 ff 07 00  |¯ˇ..¯ˇ...ˇ...ˇ..|
00000090  f0 ff 1f 00 00 f0 1f 00 00 f0 1f 00 00 f0 1f 00  |.ˇ..............|
000000a0  00 c0 07 00 00 c0 07 00 00 c0 07 00 00 80 03 00  |.¿...¿...¿...Ä..|
000000b0  00 80 03 00 00 80 03 00 00 80 03 00 00 c0 07 00  |.Ä...Ä...Ä...¿..|
000000c0  00 c0 07 00 00 00 00 00 00 00 00 00 00 00 00 00  |.¿..............|
000000d0  00 00 00 00 00 00 00 00 00 00 00 00 00 00 00 00  |................|
000000e0  00 00 00 00 00 00 00 00 00 00 00 00 00 00 00 00  |................|
000000f0  00 00 00 00 00 00 00 00 00 00 00 00 00 00 00 00  |................|
  vs old Saved Games: 2686 diffs in first 267452

== L0 header pattern 0000fffe000000000000000000000000 repeats ==
  hits=[8068, 8084, 8100, 8116, 8132, 8148, 8164, 8180, 8196, 8212, 8228, 8244, 8260, 8276, 8292, 8308, 8324, 8340, 8356, 8372, 8388, 8404, 8420, 8436, 8452, 8468, 8484, 8500, 8516, 8532, 8548, 8564, 8580, 8596, 8612, 8628, 8644, 8660, 8676, 8692, 8708, 8724, 8740, 8756, 8772, 8788, 8804, 8820, 8836, 8852, 8868, 8884, 8900, 8916, 8932, 8948, 8964, 8980, 8996, 9012, 9028, 9044, 9060, 9076, 9092, 9108, 9124, 9140, 9156, 9172, 9188, 9204, 9220, 9236, 9252, 9268, 9284, 9300, 9316, 9332, 9348, 9364, 9380, 9396, 9412, 9428, 9444, 9460, 9476, 9492, 9508, 9524, 9540, 9556, 9572, 9588, 9604, 9620, 9636, 9652, 9668, 9684, 9700, 9716, 9732, 9748, 9764, 9780, 9796, 9812, 9828, 9844, 9860, 9876, 9892, 9908, 9924, 9940, 9956, 9972, 9988, 10004, 10020, 10036, 10052, 10068, 10084, 10100, 10116, 10132, 10148, 10164, 10180, 10196, 10212, 10228, 10244, 10260, 10276, 10292, 10308, 10324, 10340, 10356, 10372, 10388, 10404, 10420, 10436, 10452, 10468, 10484, 10500, 10516, 10532, 10548, 10564, 10580, 10596, 10612, 10628, 10644, 10660, 10676, 10692, 10708, 10724, 10740, 10756, 10772, 10788, 10804, 10820, 10836, 10852, 10868, 10884, 10900, 10916, 10932, 10948, 10964, 10980, 10996, 11012, 11028, 11044, 11060, 11076, 11092, 11108, 11124, 11140, 11156, 11172, 11188, 11204, 11220, 11236, 11252, 11268, 11284, 11300, 11316, 11332, 11348, 11364, 11380, 11396, 11412, 11428, 11444, 11460, 11476, 11492, 11508, 11524, 11540, 11556, 11572, 11588, 11604, 11620, 11636, 11652, 11668, 11684, 11700, 11716, 11732, 11748, 11764, 11780, 11796, 11812, 11828, 11844, 11860, 11876, 11892, 11908, 11924, 11940, 11956, 11972, 11988, 12004, 12020, 12036, 12052, 12068, 12084, 12100, 12116, 12132, 12148, 12164, 12180, 12196, 12212, 12228, 12244, 12260, 12276, 12292, 12308, 12324, 12340, 12356, 12372, 12388, 12404, 12420, 12436, 12452, 12468, 12484, 12500, 12516, 12532, 12548, 12564, 12580, 12596, 12612, 12628, 12644, 12660, 12676, 12692, 12708, 12724, 12740, 12756, 12772, 12788, 12804, 12820, 12836, 12852, 12868, 12884, 12900, 12916, 12932, 12948, 12964, 12980, 12996, 13012, 13028, 13044, 13060, 13076, 13092, 13108, 13124, 13140, 13156, 13172, 13188, 13204, 13220, 13236, 13252, 13268, 13284, 13300, 13316, 13332, 13348, 13364, 13380, 13396, 13412, 13428, 13444, 13460, 13476, 13492, 13508, 13524, 13540, 13556, 13572, 13588, 13604, 13620, 13636, 18092, 18108, 18124, 18140, 18156, 18172, 18188, 18204, 18220, 18236, 18252, 18268, 18284, 18300, 18316, 18332, 18348, 18364, 18380, 18396, 18412, 18428, 18444, 18460, 18476, 18492, 18508, 18524, 18540, 18556, 18572, 18588, 18604, 18620, 18636, 18652, 18668, 18684, 18700, 18716, 18732, 18748, 18764, 18780, 18796, 18812, 18828, 18844, 18860, 18876, 18892, 18908, 18924, 18940, 18956, 18972, 18988, 19004, 19020, 19036, 19052, 19068, 19084, 19100, 19116, 19132, 19148, 19164, 19180, 19196, 19212, 19228, 19244, 19260, 19276, 19292, 19308, 19324, 19340, 19356, 19372, 19388, 19404, 19420, 19436, 19452, 19468, 19484, 19500, 19516, 19532, 19548, 19564, 19580, 19596, 19612, 19628, 19644, 19660, 19676, 19692, 19708, 19724, 19740, 19756, 19772, 19788, 19804, 19820, 19836, 19852, 19868, 19884, 19900, 19916, 19932, 19948, 19964, 19980, 19996, 20012, 20028, 20044, 20060, 20076, 20092, 20108, 20124, 20140, 20156, 20172, 20188, 20204, 20220, 20236, 20252, 20268, 20284, 20300, 20316, 20332, 20348, 20364, 20380, 20396, 20412, 20428, 20444, 20460, 20476, 20492, 20508, 20524, 20540, 20556, 20572, 20588, 20604, 20620, 20636, 20652, 20668, 20684, 20700, 20716, 20732, 20748, 20764, 20780, 20796, 20812, 20828, 20844, 20860, 20876, 20892, 20908, 20924, 20940, 20956, 20972, 20988, 21004, 21020, 21036, 21052, 21068, 21084, 21100, 21116, 21132, 21148, 21164, 21180, 21196, 21212, 21228, 21244, 21260, 21276, 21292, 21308, 21324, 21340, 21356, 21372, 21388, 21404, 21420, 21436, 21452, 21468, 21484, 21500, 21516, 21532, 21548, 21564, 21580, 21596, 21612, 21628, 21644, 21660, 21676, 21692, 21708, 21724, 21740, 21756, 21772, 21788, 21804, 21820, 21836, 21852, 21868, 21884, 21900, 21916, 21932, 21948, 21964, 21980, 21996, 22012, 22028, 22044, 22060, 22076, 22092, 22108, 22124, 22140, 22156, 22172, 22188, 22204, 22220, 22236, 22252, 22268, 22284, 22300, 22316, 22332, 22348, 22364, 22380, 22396, 22412, 22428, 22444, 22460, 22476, 22492, 22508, 22524, 22540, 22556, 22572, 22588, 22604, 22620, 22636, 22652, 22668, 22684, 22700, 22716, 22732, 22748, 28468, 28484, 28500, 28516, 28532, 28548, 28564, 28580, 28596, 28612, 28628, 28644, 28660, 28676, 28692, 28708, 28724, 28740, 28756, 28772, 28788, 28804, 28820, 28836, 28852, 28868, 28884, 28900, 28916, 28932, 28948, 28964, 28980, 28996, 29012, 29028, 29044, 29060, 29076, 29092, 29108, 29124, 29140, 29156, 29172, 29188, 29204, 29220, 29236, 29252, 29268, 29284, 29300, 29316, 29332, 29348, 29364, 29380, 29396, 29412, 29428, 29444, 29460, 29476, 29492, 29508, 29524, 29540, 29556, 29572, 29588, 29604, 29620, 29636, 29652, 29668, 29684, 29700, 29716, 29732, 29748, 29764, 29780, 29796, 29812, 29828, 29844, 29860, 29876, 29892, 29908, 29924, 29940, 29956, 29972, 29988, 30004, 30020, 30036, 30052, 30068, 30084, 30100, 30116, 30132, 30148, 30164, 30180, 30196, 30212, 30228, 30244, 30260, 30276, 30292, 30308, 30324, 30340, 30356, 30372, 30388, 30404, 30420, 30436, 30452, 30468, 30484, 30500, 30516, 33952, 33968, 33984, 34000, 34016, 34032, 34048, 34064, 34080, 34096, 34112, 34128, 34144, 34160, 34176, 34192, 34208, 34224, 34240, 34256, 34272, 34288, 34304, 34320, 34336, 34352, 34368, 34384, 34400, 34416, 34432, 34448, 34464, 34480, 34496, 34512, 34528, 34544, 34560, 34576, 34592, 34608, 34624, 34640, 34656, 34672, 34688, 34704, 34720, 34736, 34752, 34768, 34784, 34800, 34816, 34832, 34848, 34864, 34880, 34896, 34912, 34928, 34944, 34960, 34976, 34992, 35008, 35024, 35040, 35056, 35072, 35088, 35104, 35120, 35136, 35152, 35168, 35184, 35200, 35216, 35232, 35248, 35264, 35280, 35296, 35312, 35328, 35344, 35360, 35376, 35392, 35408, 35424, 35440, 35456, 35472, 35488, 35504, 35520, 35536, 35552, 35568, 35584, 35600, 35616, 35632, 35648, 35664, 35680, 35696, 35712, 35728, 35744, 35760, 35776, 35792, 35808, 35824, 35840, 35856, 35872, 35888, 35904, 35920, 35936, 35952, 35968, 35984, 36000, 36016, 36032, 36048, 36064, 36080, 36096, 36112, 36128, 36144, 36160, 36176, 36192, 36208, 36224, 36240, 36256, 36272, 36288, 36304, 36320, 36336, 36352, 36368, 36384, 36400, 36416, 36432, 36448, 36464, 36480, 36496, 36512, 36528, 36544, 36560, 36576, 36592, 36608, 36624, 36640, 36656, 36672, 36688, 36704, 36720, 36736, 36752, 36768, 36784, 36800, 36816, 36832, 36848, 36864, 36880, 36896, 36912, 36928, 36944, 36960, 36976, 36992, 37008, 37024, 37040, 37056, 37072, 37088, 37104, 37120, 37136, 37152, 37168, 37184, 37200, 37216, 37232, 37248, 37264, 37280, 37296, 37312, 37328, 37344, 37360, 37376, 37392, 37408, 37424, 37440, 37456, 37472, 37488, 37504, 37520, 37536, 37552, 37568, 37584, 37600, 37616, 37632, 37648, 37664, 37680, 37696, 37712, 37728, 37744, 37760, 37776, 37792, 37808, 37824, 37840, 37856, 37872, 37888, 37904, 37920, 37936, 37952, 37968, 37984, 38000, 38016, 38032, 38048, 38064, 38080, 38096, 38112, 38128, 38144, 38160, 38176, 38192, 38208, 38224, 38240, 38256, 38272, 38288, 38304, 38320, 38336, 38352, 38368, 38384, 38400, 38416, 38432, 38448, 38464, 38480, 38496, 38512, 38528, 38544, 38560, 38576, 38592, 38608, 38624, 38640, 38656, 38672, 38688, 38704, 38720, 38736, 38752, 38768, 38784, 38800, 38816, 38832, 38848, 38864, 38880, 38896, 38912, 38928, 38944, 38960, 38976, 38992, 39008, 39024, 39040, 39056, 39072, 39088, 39104, 39120, 39136, 39152, 39168, 39184, 39200, 39216, 39232, 39248, 39264, 39280, 39296, 39312, 39328, 39344, 39360, 39376, 39392, 39408, 39424, 39440, 39456, 39472, 39488, 39504, 39520, 43976, 43992, 44008, 44024, 44040, 44056, 44072, 44088, 44104, 44120, 44136, 44152, 44168, 44184, 44200, 44216, 44232, 44248, 44264, 44280, 44296, 44312, 44328, 44344, 44360, 44376, 44392, 44408, 44424, 44440, 44456, 44472, 44488, 44504, 44520, 44536, 44552, 44568, 44584, 44600, 44616, 44632, 44648, 44664, 44680, 44696, 44712, 44728, 44744, 44760, 44776, 44792, 44808, 44824, 44840, 44856, 44872, 44888, 44904, 44920, 44936, 44952, 44968, 44984, 45000, 45016, 45032, 45048, 45064, 45080, 45096, 45112, 45128, 45144, 45160, 45176, 45192, 45208, 45224, 45240, 45256, 45272, 45288, 45304, 45320, 45336, 45352, 45368, 45384, 45400, 45416, 45432, 45448, 45464, 45480, 45496, 45512, 45528, 45544, 45560, 45576, 45592, 45608, 45624, 45640, 45656, 45672, 45688, 45704, 45720, 45736, 45752, 45768, 45784, 45800, 45816, 45832, 45848, 45864, 45880, 45896, 45912, 45928, 45944, 45960, 45976, 45992, 46008, 46024, 46040, 46056, 46072, 46088, 46104, 46120, 46136, 46152, 46168, 46184, 46200, 46216, 46232, 46248, 46264, 46280, 46296, 46312, 46328, 46344, 46360, 46376, 46392, 46408, 46424, 46440, 46456, 46472, 46488, 46504, 46520, 46536, 46552, 46568, 46584, 46600, 46616, 46632, 46648, 46664, 46680, 46696, 46712, 46728, 46744, 46760, 46776, 46792, 46808, 46824, 46840, 46856, 46872, 46888, 46904, 46920, 46936, 46952, 46968, 46984, 47000, 47016, 47032, 47048, 47064, 47080, 47096, 47112, 47128, 47144, 47160, 47176, 47192, 47208, 47224, 47240, 47256, 47272, 47288, 47304, 47320, 47336, 47352, 47368, 47384, 47400, 47416, 47432, 47448, 47464, 47480, 47496, 47512, 47528, 47544, 47560, 47576, 47592, 47608, 47624, 47640, 47656, 47672, 47688, 47704, 47720, 47736, 47752, 47768, 47784, 47800, 47816, 47832, 47848, 47864, 47880, 47896, 47912, 47928, 47944, 47960, 47976, 47992, 48008, 48024, 48040, 48056, 48072, 48088, 48104, 48120, 48136, 48152, 48168, 48184, 48200, 48216, 48232, 48248, 48264, 48280, 48296, 48312, 48328, 48344, 48360, 48376, 48392, 48408, 48424, 48440, 48456, 48472, 48488, 48504, 48520, 48536, 48552, 48568, 48584, 48600, 48616, 48632, 54352, 54368, 54384, 54400, 54416, 54432, 54448, 54464, 54480, 54496, 54512, 54528, 54544, 54560, 54576, 54592, 54608, 54624, 54640, 54656, 54672, 54688, 54704, 54720, 54736, 54752, 54768, 54784, 54800, 54816, 54832, 54848, 54864, 54880, 54896, 54912, 54928, 54944, 54960, 54976, 54992, 55008, 55024, 55040, 55056, 55072, 55088, 55104, 55120, 55136, 55152, 55168, 55184, 55200, 55216, 55232, 55248, 55264, 55280, 55296, 55312, 55328, 55344, 55360, 55376, 55392, 55408, 55424, 55440, 55456, 55472, 55488, 55504, 55520, 55536, 55552, 55568, 55584, 55600, 55616, 55632, 55648, 55664, 55680, 55696, 55712, 55728, 55744, 55760, 55776, 55792, 55808, 55824, 55840, 55856, 55872, 55888, 55904, 55920, 55936, 55952, 55968, 55984, 56000, 56016, 56032, 56048, 56064, 56080, 56096, 56112, 56128, 56144, 56160, 56176, 56192, 56208, 56224, 56240, 56256, 56272, 56288, 56304, 56320, 56336, 56352, 56368, 56384, 56400, 56416, 56432, 56448, 56464, 56480, 56496, 56512, 56528, 56544, 56560, 56576, 56592, 56608, 56624, 56640, 56656, 56672, 56688, 56704, 56720, 56736, 56752, 56768, 56784, 56800, 56816, 56832, 56848, 56864, 56880, 56896, 56912, 56928, 56944, 56960, 56976, 56992, 57008, 57024, 57040, 57056, 57072, 57088, 57104, 57120, 57136, 57152, 57168, 57184, 57200, 57216, 57232, 57248, 57264, 57280, 57296, 57312, 57328, 57344, 57360, 57376, 57392, 57408, 57424, 57440, 57456, 57472, 57488, 57504, 57520, 57536, 57552, 57568, 57584, 57600, 57616, 57632, 57648, 57664, 57680, 57696, 57712, 57728, 57744, 63656, 63672, 63688, 63704, 63720, 63736, 63752, 63768, 63784, 63800, 63816, 63832, 63848, 63864, 63880, 63896, 63912, 63928, 63944, 63960, 63976, 63992, 64008, 64024, 64040, 64056, 64072, 64088, 64104, 64120, 64136, 64152, 64168, 64184, 64200, 64216, 64232, 64248, 64264, 64280, 64296, 64312, 64328, 64344, 64360, 64376, 64392, 64408, 64424, 64440, 64456, 64472, 64488, 64504, 64520, 64536, 64552, 64568, 64584, 64600, 64616, 64632, 64648, 64664, 64680, 64696, 64712, 64728, 64744, 64760, 64776, 64792, 64808, 64824, 64840, 64856, 64872, 64888, 64904, 64920, 64936, 64952, 64968, 64984, 65000, 65016, 65032, 65048, 65064, 65080, 65096, 65112, 65128, 65144, 65160, 65176, 65192, 65208, 65224, 65240, 65256, 65272, 65288, 65304, 65320, 65336, 65352, 65368, 65384, 65400, 65416, 65432, 65448, 65464, 65480, 65496, 65512, 65528, 65544, 65560, 65576, 65592, 65608, 65624, 65640, 65656, 65672, 65688, 65704, 65720, 65736, 65752, 65768, 65784, 65800, 65816, 65832, 65848, 65864, 65880, 65896, 65912, 65928, 65944, 65960, 65976, 65992, 66008, 66024, 66040, 66056, 66072, 66088, 66104, 66120, 66136, 66152, 66168, 66184, 66200, 66216, 66232, 66248, 66264, 66280, 66296, 66312, 66328, 66344, 66360, 66376, 66392, 66408, 66424, 66440, 66456, 66472, 66488, 66504, 66520, 66536, 66552, 66568, 66584, 66600, 66616, 66632, 66648, 66664, 66680, 66696, 66712, 66728, 66744, 66760, 66776, 66792, 66808, 66824, 66840, 66856, 72816, 72832, 72848, 72864, 72880, 72896, 72912, 72928, 72944, 72960, 72976, 72992, 73008, 73024, 73040, 73056, 73072, 73088, 73104, 73120, 73136, 73152, 73168, 73184, 73200, 73216, 73232, 73248, 73264, 73280, 73296, 73312, 73328, 73344, 73360, 73376, 73392, 73408, 73424, 73440, 73456, 73472, 73488, 73504, 73520, 73536, 73552, 73568, 73584, 73600, 73616, 73632, 73648, 73664, 73680, 73696, 73712, 73728, 73744, 73760, 73776, 73792, 73808, 73824, 73840, 73856, 73872, 73888, 73904, 73920, 73936, 73952, 73968, 73984, 74000, 74016, 74032, 74048, 74064, 74080, 74096, 74112, 74128, 74144, 74160, 74176, 74192, 74208, 74224, 74240, 74256, 74272, 74288, 74304, 74320, 74336, 74352, 74368, 74384, 74400, 74416, 74432, 74448, 74464, 74480, 74496, 74512, 74528, 74544, 74560, 74576, 74592, 74608, 74624, 74640, 74656, 74672, 74688, 74704, 74720, 74736, 74752, 74768, 74784, 74800, 74816, 74832, 74848, 74864, 74880, 74896, 74912, 74928, 74944, 74960, 74976, 74992, 75008, 75024, 75040, 75056, 75072, 75088, 75104, 75120, 75136, 75152, 75168, 75184, 75200, 75216, 75232, 75248, 75264, 75280, 75296, 75312, 75328, 75344, 75360, 75376, 75392, 75408, 75424, 75440, 75456, 75472, 75488, 75504, 75520, 75536, 75552, 75568, 75584, 75600, 75616, 75632, 75648, 75664, 75680, 75696, 75712, 75728, 75744, 75760, 75776, 75792, 75808, 75824, 75840, 75856, 75872, 75888, 75904, 75920, 75936, 75952, 75968, 80104, 80120, 80136, 80152, 80168, 80184, 80200, 80216, 80232, 80248, 80264, 80280, 80296, 80312, 80328, 80344, 80360, 80376, 80392, 80408, 80424, 80440, 80456, 80472, 80488, 80504, 80520, 80536, 80552, 80568, 80584, 80600, 80616, 80632, 80648, 80664, 80680, 80696, 80712, 80728, 80744, 80760, 80776, 80792, 80808, 80824, 80840, 80856, 80872, 80888, 80904, 80920, 80936, 80952, 80968, 80984, 81000, 81016, 81032, 81048, 81064, 81080, 81096, 81112, 81128, 81144, 81160, 81176, 81192, 81208, 81224, 81240, 81256, 81272, 81288, 81304, 81320, 81336, 81352, 81368, 81384, 81400, 81416, 81432, 81448, 81464, 81480, 81496, 81512, 81528, 81544, 81560, 81576, 81592, 81608, 81624, 81640, 81656, 81672, 81688, 81704, 81720, 81736, 81752, 81768, 81784, 81800, 81816, 81832, 81848, 81864, 81880, 81896, 81912, 81928, 81944, 81960, 81976, 81992, 82008, 82024, 82040, 82056, 82072, 82088, 82104, 82120, 82136, 82152, 82168, 82184, 82200, 82216, 82232, 82248, 82264, 82280, 82296, 82312, 82328, 82344, 82360, 82376, 82392, 82408, 82424, 82440, 82456, 82472, 82488, 82504, 82520, 82536, 82552, 82568, 82584, 82600, 82616, 82632, 82648, 82664, 82680, 82696, 82712, 82728, 82744, 82760, 82776, 82792, 82808, 82824, 82840, 82856, 82872, 82888, 82904, 82920, 82936, 82952, 82968, 82984, 83000, 83016, 83032, 83048, 83064, 83080, 83096, 83112, 83128, 83144, 83160, 83176, 83192, 83208, 83224, 83240, 83256, 83272, 83288, 83304, 83320, 83336, 83352, 83368, 83384, 83400, 83416, 83432, 83448, 83464, 83480, 83496, 83512, 83528, 83544, 83560, 83576, 83592, 83608, 83624, 83640, 83656, 83672, 83688, 83704, 83720, 83736, 83752, 83768, 83784, 83800, 83816, 83832, 83848, 83864, 83880, 83896, 83912, 83928, 83944, 83960, 83976, 83992, 84008, 84024, 84040, 84056, 84072, 84088, 84104, 84120, 84136, 84152, 84168, 84184, 84200, 84216, 84232, 84248, 84264, 84280, 84296, 84312, 84328, 84344, 84360, 84376, 84392, 84408, 84424, 84440, 84456, 84472, 84488, 84504, 84520, 84536, 84552, 84568, 84584, 84600, 84616, 84632, 84648, 84664, 84680, 84696, 84712, 84728, 84744, 84760, 84776, 84792, 84808, 84824, 84840, 84856, 84872, 84888, 84904, 84920, 84936, 84952, 84968, 84984, 85000, 85016, 85032, 85048, 85064, 85080, 88608, 88624, 88640, 88656, 88672, 88688, 88704, 88720, 88736, 88752, 88768, 88784, 88800, 88816, 88832, 88848, 88864, 88880, 88896, 88912, 88928, 88944, 88960, 88976, 88992, 89008, 89024, 89040, 89056, 89072, 89088, 89104, 89120, 89136, 89152, 89168, 89184, 89200, 89216, 89232, 89248, 89264, 89280, 89296, 89312, 89328, 89344, 89360, 89376, 89392, 89408, 89424, 89440, 89456, 89472, 89488, 89504, 89520, 89536, 89552, 89568, 89584, 89600, 89616, 89632, 89648, 89664, 89680, 89696, 89712, 89728, 89744, 89760, 89776, 89792, 89808, 89824, 89840, 89856, 89872, 89888, 89904, 89920, 89936, 89952, 89968, 89984, 90000, 90016, 90032, 90048, 90064, 90080, 90096, 90112, 90128, 90144, 90160, 90176, 90192, 90208, 90224, 90240, 90256, 90272, 90288, 90304, 90320, 90336, 90352, 90368, 90384, 90400, 90416, 90432, 90448, 90464, 90480, 90496, 90512, 90528, 90544, 90560, 90576, 90592, 90608, 90624, 90640, 90656, 90672, 90688, 90704, 90720, 90736, 90752, 90768, 90784, 90800, 90816, 90832, 90848, 90864, 90880, 90896, 90912, 90928, 90944, 90960, 90976, 90992, 91008, 91024, 91040, 91056, 91072, 91088, 91104, 91120, 91136, 91152, 91168, 91184, 91200, 91216, 91232, 91248, 91264, 91280, 91296, 91312, 91328, 91344, 91360, 91376, 91392, 91408, 91424, 91440, 91456, 91472, 91488, 91504, 91520, 91536, 91552, 91568, 91584, 91600, 91616, 91632, 91648, 91664, 91680, 91696, 91712, 91728, 91744, 91760, 91776, 91792, 91808, 91824, 91840, 91856, 91872, 91888, 91904, 91920, 91936, 91952, 91968, 91984, 92000, 92016, 92032, 92048, 92064, 92080, 92096, 92112, 92128, 92144, 92160, 92176, 92192, 92208, 92224, 92240, 92256, 92272, 92288, 92304, 92320, 92336, 92352, 92368, 92384, 92400, 92416, 92432, 92448, 92464, 92480, 92496, 92512, 92528, 92544, 92560, 92576, 92592, 92608, 92624, 92640, 92656, 92672, 92688, 92704, 92720, 92736, 92752, 92768, 92784, 92800, 92816, 92832, 92848, 92864, 92880, 92896, 92912, 92928, 92944, 92960, 92976, 92992, 93008, 93024, 93040, 93056, 93072, 93088, 93104, 93120, 93136, 93152, 93168, 93184, 93200, 93216, 93232, 93248, 93264, 93280, 93296, 93312, 93328, 93344, 93360, 93376, 93392, 93408, 93424, 93440, 93456, 93472, 93488, 93504, 93520, 93536, 93552, 93568, 93584, 93600, 93616, 93632, 93648, 93664, 93680, 93696, 93712, 93728, 93744, 93760, 93776, 93792, 93808, 93824, 93840, 93856, 93872, 93888, 93904, 93920, 93936, 93952, 93968, 93984, 94000, 94016, 94032, 94048, 94064, 94080, 94096, 94112, 94128, 94144, 94160, 94176, 94192, 100856, 100872, 100888, 100904, 100920, 100936, 100952, 100968, 100984, 101000, 101016, 101032, 101048, 101064, 101080, 101096, 101112, 101128, 101144, 101160, 101176, 101192, 101208, 101224, 101240, 101256, 101272, 101288, 101304, 101320, 101336, 101352, 101368, 101384, 101400, 101416, 101432, 101448, 101464, 101480, 101496, 101512, 101528, 101544, 101560, 101576, 101592, 101608, 101624, 101640, 101656, 101672, 101688, 101704, 101720, 101736, 101752, 101768, 101784, 101800, 101816, 101832, 101848, 101864, 101880, 101896, 101912, 101928, 101944, 101960, 101976, 101992, 102008, 102024, 102040, 102056, 102072, 102088, 102104, 102120, 102136, 102152, 102168, 102184, 102200, 102216, 102232, 102248, 102264, 102280, 102296, 102312, 102328, 102344, 102360, 102376, 102392, 102408, 102424, 102440, 102456, 102472, 102488, 102504, 102520, 102536, 102552, 102568, 102584, 102600, 102616, 102632, 102648, 102664, 102680, 102696, 102712, 102728, 102744, 102760, 102776, 102792, 102808, 102824, 102840, 102856, 102872, 102888, 102904, 102920, 102936, 102952, 102968, 102984, 103000, 103016, 103032, 103048, 103064, 103080, 103096, 103112, 103128, 103144, 103160, 103176, 103192, 103208, 103224, 103240, 103256, 103272, 103288, 103304, 110368, 110384, 110400, 110416, 110432, 110448, 110464, 110480, 110496, 110512, 110528, 110544, 110560, 110576, 110592, 110608, 110624, 110640, 110656, 110672, 110688, 110704, 110720, 110736, 110752, 110768, 110784, 110800, 110816, 110832, 110848, 110864, 110880, 110896, 110912, 110928, 110944, 110960, 110976, 110992, 111008, 111024, 111040, 111056, 111072, 111088, 111104, 111120, 111136, 111152, 111168, 111184, 111200, 111216, 111232, 111248, 111264, 111280, 111296, 111312, 111328, 111344, 111360, 111376, 111392, 111408, 111424, 111440, 111456, 111472, 111488, 111504, 111520, 111536, 111552, 111568, 111584, 111600, 111616, 111632, 111648, 111664, 111680, 111696, 111712, 111728, 111744, 111760, 111776, 111792, 111808, 111824, 111840, 111856, 111872, 111888, 111904, 111920, 111936, 111952, 111968, 111984, 112000, 112016, 112032, 112048, 112064, 112080, 112096, 112112, 112128, 112144, 112160, 112176, 112192, 112208, 112224, 112240, 112256, 112272, 112288, 112304, 112320, 112336, 112352, 112368, 112384, 112400, 112416, 118936, 118952, 118968, 118984, 119000, 119016, 119032, 119048, 119064, 119080, 119096, 119112, 119128, 119144, 119160, 119176, 119192, 119208, 119224, 119240, 119256, 119272, 119288, 119304, 119320, 119336, 119352, 119368, 119384, 119400, 119416, 119432, 119448, 119464, 119480, 119496, 119512, 119528, 119544, 119560, 119576, 119592, 119608, 119624, 119640, 119656, 119672, 119688, 119704, 119720, 119736, 119752, 119768, 119784, 119800, 119816, 119832, 119848, 119864, 119880, 119896, 119912, 119928, 119944, 119960, 119976, 119992, 120008, 120024, 120040, 120056, 120072, 120088, 120104, 120120, 120136, 120152, 120168, 120184, 120200, 120216, 120232, 120248, 120264, 120280, 120296, 120312, 120328, 120344, 120360, 120376, 120392, 120408, 120424, 120440, 120456, 120472, 120488, 120504, 120520, 120536, 120552, 120568, 120584, 120600, 120616, 120632, 120648, 120664, 120680, 120696, 120712, 120728, 120744, 120760, 120776, 120792, 120808, 120824, 120840, 120856, 120872, 120888, 120904, 120920, 120936, 120952, 120968, 120984, 121000, 121016, 121032, 121048, 121064, 121080, 121096, 121112, 121128, 121144, 121160, 121176, 121192, 121208, 121224, 121240, 121256, 121272, 121288, 121304, 121320, 121336, 121352, 121368, 121384, 121400, 121416, 121432, 121448, 121464, 121480, 121496, 121512, 121528, 128784, 128800, 128816, 128832, 128848, 128864, 128880, 128896, 128912, 128928, 128944, 128960, 128976, 128992, 129008, 129024, 129040, 129056, 129072, 129088, 129104, 129120, 129136, 129152, 129168, 129184, 129200, 129216, 129232, 129248, 129264, 129280, 129296, 129312, 129328, 129344, 129360, 129376, 129392, 129408, 129424, 129440, 129456, 129472, 129488, 129504, 129520, 129536, 129552, 129568, 129584, 129600, 129616, 129632, 129648, 129664, 129680, 129696, 129712, 129728, 129744, 129760, 129776, 129792, 129808, 129824, 129840, 129856, 129872, 129888, 129904, 129920, 129936, 129952, 129968, 129984, 130000, 130016, 130032, 130048, 130064, 130080, 130096, 130112, 130128, 130144, 130160, 130176, 130192, 130208, 130224, 130240, 130256, 130272, 130288, 130304, 130320, 130336, 130352, 130368, 130384, 130400, 130416, 130432, 130448, 130464, 130480, 130496, 130512, 130528, 130544, 130560, 130576, 130592, 130608, 130624, 130640, 137832, 137848, 137864, 137880, 137896, 137912, 137928, 137944, 137960, 137976, 137992, 138008, 138024, 138040, 138056, 138072, 138088, 138104, 138120, 138136, 138152, 138168, 138184, 138200, 138216, 138232, 138248, 138264, 138280, 138296, 138312, 138328, 138344, 138360, 138376, 138392, 138408, 138424, 138440, 138456, 138472, 138488, 138504, 138520, 138536, 138552, 138568, 138584, 138600, 138616, 138632, 138648, 138664, 138680, 138696, 138712, 138728, 138744, 138760, 138776, 138792, 138808, 138824, 138840, 138856, 138872, 138888, 138904, 138920, 138936, 138952, 138968, 138984, 139000, 139016, 139032, 139048, 139064, 139080, 139096, 139112, 139128, 139144, 139160, 139176, 139192, 139208, 139224, 139240, 139256, 139272, 139288, 139304, 139320, 139336, 139352, 139368, 139384, 139400, 139416, 139432, 139448, 139464, 139480, 139496, 139512, 139528, 139544, 139560, 139576, 139592, 139608, 139624, 139640, 139656, 139672, 139688, 139704, 139720, 139736, 139752, 146848, 146864, 146880, 146896, 146912, 146928, 146944, 146960, 146976, 146992, 147008, 147024, 147040, 147056, 147072, 147088, 147104, 147120, 147136, 147152, 147168, 147184, 147200, 147216, 147232, 147248, 147264, 147280, 147296, 147312, 147328, 147344, 147360, 147376, 147392, 147408, 147424, 147440, 147456, 147472, 147488, 147504, 147520, 147536, 147552, 147568, 147584, 147600, 147616, 147632, 147648, 147664, 147680, 147696, 147712, 147728, 147744, 147760, 147776, 147792, 147808, 147824, 147840, 147856, 147872, 147888, 147904, 147920, 147936, 147952, 147968, 147984, 148000, 148016, 148032, 148048, 148064, 148080, 148096, 148112, 148128, 148144, 148160, 148176, 148192, 148208, 148224, 148240, 148256, 148272, 148288, 148304, 148320, 148336, 148352, 148368, 148384, 148400, 148416, 148432, 148448, 148464, 148480, 148496, 148512, 148528, 148544, 148560, 148576, 148592, 148608, 148624, 148640, 148656, 148672, 148688, 148704, 148720, 148736, 148752, 148768, 148784, 148800, 148816, 148832, 148848, 148864, 154936, 154952, 154968, 154984, 155000, 155016, 155032, 155048, 155064, 155080, 155096, 155112, 155128, 155144, 155160, 155176, 155192, 155208, 155224, 155240, 155256, 155272, 155288, 155304, 155320, 155336, 155352, 155368, 155384, 155400, 155416, 155432, 155448, 155464, 155480, 155496, 155512, 155528, 155544, 155560, 155576, 155592, 155608, 155624, 155640, 155656, 155672, 155688, 155704, 155720, 155736, 155752, 155768, 155784, 155800, 155816, 155832, 155848, 155864, 155880, 155896, 155912, 155928, 155944, 155960, 155976, 155992, 156008, 156024, 156040, 156056, 156072, 156088, 156104, 156120, 156136, 156152, 156168, 156184, 156200, 156216, 156232, 156248, 156264, 156280, 156296, 156312, 156328, 156344, 156360, 156376, 156392, 156408, 156424, 156440, 156456, 156472, 156488, 156504, 156520, 156536, 156552, 156568, 156584, 156600, 156616, 156632, 156648, 156664, 156680, 156696, 156712, 156728, 156744, 156760, 156776, 156792, 156808, 156824, 156840, 156856, 156872, 156888, 156904, 156920, 156936, 156952, 156968, 156984, 157000, 157016, 157032, 157048, 157064, 157080, 157096, 157112, 157128, 157144, 157160, 157176, 157192, 157208, 157224, 157240, 157256, 157272, 157288, 157304, 157320, 157336, 157352, 157368, 157384, 157400, 157416, 157432, 157448, 157464, 157480, 157496, 157512, 157528, 157544, 157560, 157576, 157592, 157608, 157624, 157640, 157656, 157672, 157688, 157704, 157720, 157736, 157752, 157768, 157784, 157800, 157816, 157832, 157848, 157864, 157880, 157896, 157912, 157928, 157944, 157960, 157976, 164496, 164512, 164528, 164544, 164560, 164576, 164592, 164608, 164624, 164640, 164656, 164672, 164688, 164704, 164720, 164736, 164752, 164768, 164784, 164800, 164816, 164832, 164848, 164864, 164880, 164896, 164912, 164928, 164944, 164960, 164976, 164992, 165008, 165024, 165040, 165056, 165072, 165088, 165104, 165120, 165136, 165152, 165168, 165184, 165200, 165216, 165232, 165248, 165264, 165280, 165296, 165312, 165328, 165344, 165360, 165376, 165392, 165408, 165424, 165440, 165456, 165472, 165488, 165504, 165520, 165536, 165552, 165568, 165584, 165600, 165616, 165632, 165648, 165664, 165680, 165696, 165712, 165728, 165744, 165760, 165776, 165792, 165808, 165824, 165840, 165856, 165872, 165888, 165904, 165920, 165936, 165952, 165968, 165984, 166000, 166016, 166032, 166048, 166064, 166080, 166096, 166112, 166128, 166144, 166160, 166176, 166192, 166208, 166224, 166240, 166256, 166272, 166288, 166304, 166320, 166336, 166352, 166368, 166384, 166400, 166416, 166432, 166448, 166464, 166480, 166496, 166512, 166528, 166544, 166560, 166576, 166592, 166608, 166624, 166640, 166656, 166672, 166688, 166704, 166720, 166736, 166752, 166768, 166784, 166800, 166816, 166832, 166848, 166864, 166880, 166896, 166912, 166928, 166944, 166960, 166976, 166992, 167008, 167024, 167040, 167056, 167072, 167088, 174184, 174200, 174216, 174232, 174248, 174264, 174280, 174296, 174312, 174328, 174344, 174360, 174376, 174392, 174408, 174424, 174440, 174456, 174472, 174488, 174504, 174520, 174536, 174552, 174568, 174584, 174600, 174616, 174632, 174648, 174664, 174680, 174696, 174712, 174728, 174744, 174760, 174776, 174792, 174808, 174824, 174840, 174856, 174872, 174888, 174904, 174920, 174936, 174952, 174968, 174984, 175000, 175016, 175032, 175048, 175064, 175080, 175096, 175112, 175128, 175144, 175160, 175176, 175192, 175208, 175224, 175240, 175256, 175272, 175288, 175304, 175320, 175336, 175352, 175368, 175384, 175400, 175416, 175432, 175448, 175464, 175480, 175496, 175512, 175528, 175544, 175560, 175576, 175592, 175608, 175624, 175640, 175656, 175672, 175688, 175704, 175720, 175736, 175752, 175768, 175784, 175800, 175816, 175832, 175848, 175864, 175880, 175896, 175912, 175928, 175944, 175960, 175976, 175992, 176008, 176024, 176040, 176056, 176072, 176088, 176104, 176120, 176136, 176152, 176168, 176184, 176200, 183152, 183168, 183184, 183200, 183216, 183232, 183248, 183264, 183280, 183296, 183312, 183328, 183344, 183360, 183376, 183392, 183408, 183424, 183440, 183456, 183472, 183488, 183504, 183520, 183536, 183552, 183568, 183584, 183600, 183616, 183632, 183648, 183664, 183680, 183696, 183712, 183728, 183744, 183760, 183776, 183792, 183808, 183824, 183840, 183856, 183872, 183888, 183904, 183920, 183936, 183952, 183968, 183984, 184000, 184016, 184032, 184048, 184064, 184080, 184096, 184112, 184128, 184144, 184160, 184176, 184192, 184208, 184224, 184240, 184256, 184272, 184288, 184304, 184320, 184336, 184352, 184368, 184384, 184400, 184416, 184432, 184448, 184464, 184480, 184496, 184512, 184528, 184544, 184560, 184576, 184592, 184608, 184624, 184640, 184656, 184672, 184688, 184704, 184720, 184736, 184752, 184768, 184784, 184800, 184816, 184832, 184848, 184864, 184880, 184896, 184912, 184928, 184944, 184960, 184976, 184992, 185008, 185024, 185040, 185056, 185072, 185088, 185104, 185120, 185136, 185152, 185168, 185184, 185200, 185216, 185232, 185248, 185264, 185280, 185296, 185312, 191192, 191208, 191224, 191240, 191256, 191272, 191288, 191304, 191320, 191336, 191352, 191368, 191384, 191400, 191416, 191432, 191448, 191464, 191480, 191496, 191512, 191528, 191544, 191560, 191576, 191592, 191608, 191624, 191640, 191656, 191672, 191688, 191704, 191720, 191736, 191752, 191768, 191784, 191800, 191816, 191832, 191848, 191864, 191880, 191896, 191912, 191928, 191944, 191960, 191976, 191992, 192008, 192024, 192040, 192056, 192072, 192088, 192104, 192120, 192136, 192152, 192168, 192184, 192200, 192216, 192232, 192248, 192264, 192280, 192296, 192312, 192328, 192344, 192360, 192376, 192392, 192408, 192424, 192440, 192456, 192472, 192488, 192504, 192520, 192536, 192552, 192568, 192584, 192600, 192616, 192632, 192648, 192664, 192680, 192696, 192712, 192728, 192744, 192760, 192776, 192792, 192808, 192824, 192840, 192856, 192872, 192888, 192904, 192920, 192936, 192952, 192968, 192984, 193000, 193016, 193032, 193048, 193064, 193080, 193096, 193112, 193128, 193144, 193160, 193176, 193192, 193208, 193224, 193240, 193256, 193272, 193288, 193304, 193320, 193336, 193352, 193368, 193384, 193400, 193416, 193432, 193448, 193464, 193480, 193496, 193512, 193528, 193544, 193560, 193576, 193592, 193608, 193624, 193640, 193656, 193672, 193688, 193704, 193720, 193736, 193752, 193768, 193784, 193800, 193816, 193832, 193848, 193864, 193880, 193896, 193912, 193928, 193944, 193960, 193976, 193992, 194008, 194024, 194040, 194056, 194072, 194088, 194104, 194120, 194136, 194152, 194168, 194184, 194200, 194216, 194232, 194248, 194264, 194280, 194296, 194312, 194328, 194344, 194360, 194376, 194392, 194408, 194424, 200080, 200096, 200112, 200128, 200144, 200160, 200176, 200192, 200208, 200224, 200240, 200256, 200272, 200288, 200304, 200320, 200336, 200352, 200368, 200384, 200400, 200416, 200432, 200448, 200464, 200480, 200496, 200512, 200528, 200544, 200560, 200576, 200592, 200608, 200624, 200640, 200656, 200672, 200688, 200704, 200720, 200736, 200752, 200768, 200784, 200800, 200816, 200832, 200848, 200864, 200880, 200896, 200912, 200928, 200944, 200960, 200976, 200992, 201008, 201024, 201040, 201056, 201072, 201088, 201104, 201120, 201136, 201152, 201168, 201184, 201200, 201216, 201232, 201248, 201264, 201280, 201296, 201312, 201328, 201344, 201360, 201376, 201392, 201408, 201424, 201440, 201456, 201472, 201488, 201504, 201520, 201536, 201552, 201568, 201584, 201600, 201616, 201632, 201648, 201664, 201680, 201696, 201712, 201728, 201744, 201760, 201776, 201792, 201808, 201824, 201840, 201856, 201872, 201888, 201904, 201920, 201936, 201952, 201968, 201984, 202000, 202016, 202032, 202048, 202064, 202080, 202096, 202112, 202128, 202144, 202160, 202176, 202192, 202208, 202224, 202240, 202256, 202272, 202288, 202304, 202320, 202336, 202352, 202368, 202384, 202400, 202416, 202432, 202448, 202464, 202480, 202496, 202512, 202528, 202544, 202560, 202576, 202592, 202608, 202624, 202640, 202656, 202672, 202688, 202704, 202720, 202736, 202752, 202768, 202784, 202800, 202816, 202832, 202848, 202864, 202880, 202896, 202912, 202928, 202944, 202960, 202976, 202992, 203008, 203024, 203040, 203056, 203072, 203088, 203104, 203120, 203136, 203152, 203168, 203184, 203200, 203216, 203232, 203248, 203264, 203280, 203296, 203312, 203328, 203344, 203360, 203376, 203392, 203408, 203424, 203440, 203456, 203472, 203488, 203504, 203520, 203536, 207528, 207544, 207560, 207576, 207592, 207608, 207624, 207640, 207656, 207672, 207688, 207704, 207720, 207736, 207752, 207768, 207784, 207800, 207816, 207832, 207848, 207864, 207880, 207896, 207912, 207928, 207944, 207960, 207976, 207992, 208008, 208024, 208040, 208056, 208072, 208088, 208104, 208120, 208136, 208152, 208168, 208184, 208200, 208216, 208232, 208248, 208264, 208280, 208296, 208312, 208328, 208344, 208360, 208376, 208392, 208408, 208424, 208440, 208456, 208472, 208488, 208504, 208520, 208536, 208552, 208568, 208584, 208600, 208616, 208632, 208648, 208664, 208680, 208696, 208712, 208728, 208744, 208760, 208776, 208792, 208808, 208824, 208840, 208856, 208872, 208888, 208904, 208920, 208936, 208952, 208968, 208984, 209000, 209016, 209032, 209048, 209064, 209080, 209096, 209112, 209128, 209144, 209160, 209176, 209192, 209208, 209224, 209240, 209256, 209272, 209288, 209304, 209320, 209336, 209352, 209368, 209384, 209400, 209416, 209432, 209448, 209464, 209480, 209496, 209512, 209528, 209544, 209560, 209576, 209592, 209608, 209624, 209640, 209656, 209672, 209688, 209704, 209720, 209736, 209752, 209768, 209784, 209800, 209816, 209832, 209848, 209864, 209880, 209896, 209912, 209928, 209944, 209960, 209976, 209992, 210008, 210024, 210040, 210056, 210072, 210088, 210104, 210120, 210136, 210152, 210168, 210184, 210200, 210216, 210232, 210248, 210264, 210280, 210296, 210312, 210328, 210344, 210360, 210376, 210392, 210408, 210424, 210440, 210456, 210472, 210488, 210504, 210520, 210536, 210552, 210568, 210584, 210600, 210616, 210632, 210648, 210664, 210680, 210696, 210712, 210728, 210744, 210760, 210776, 210792, 210808, 210824, 210840, 210856, 210872, 210888, 210904, 210920, 210936, 210952, 210968, 210984, 211000, 211016, 211032, 211048, 211064, 211080, 211096, 211112, 211128, 211144, 211160, 211176, 211192, 211208, 211224, 211240, 211256, 211272, 211288, 211304, 211320, 211336, 211352, 211368, 211384, 211400, 211416, 211432, 211448, 211464, 211480, 211496, 211512, 211528, 211544, 211560, 211576, 211592, 211608, 211624, 211640, 211656, 211672, 211688, 211704, 211720, 211736, 211752, 211768, 211784, 211800, 211816, 211832, 211848, 211864, 211880, 211896, 211912, 211928, 211944, 211960, 211976, 211992, 212008, 212024, 212040, 212056, 212072, 212088, 212104, 212120, 212136, 212152, 212168, 212184, 212200, 212216, 212232, 212248, 212264, 212280, 212296, 212312, 212328, 212344, 212360, 212376, 212392, 212408, 212424, 212440, 212456, 212472, 212488, 212504, 212520, 212536, 212552, 212568, 212584, 212600, 212616, 212632, 212648, 217280, 217296, 217312, 217328, 217344, 217360, 217376, 217392, 217408, 217424, 217440, 217456, 217472, 217488, 217504, 217520, 217536, 217552, 217568, 217584, 217600, 217616, 217632, 217648, 217664, 217680, 217696, 217712, 217728, 217744, 217760, 217776, 217792, 217808, 217824, 217840, 217856, 217872, 217888, 217904, 217920, 217936, 217952, 217968, 217984, 218000, 218016, 218032, 218048, 218064, 218080, 218096, 218112, 218128, 218144, 218160, 218176, 218192, 218208, 218224, 218240, 218256, 218272, 218288, 218304, 218320, 218336, 218352, 218368, 218384, 218400, 218416, 218432, 218448, 218464, 218480, 218496, 218512, 218528, 218544, 218560, 218576, 218592, 218608, 218624, 218640, 218656, 218672, 218688, 218704, 218720, 218736, 218752, 218768, 218784, 218800, 218816, 218832, 218848, 218864, 218880, 218896, 218912, 218928, 218944, 218960, 218976, 218992, 219008, 219024, 219040, 219056, 219072, 219088, 219104, 219120, 219136, 219152, 219168, 219184, 219200, 219216, 219232, 219248, 219264, 219280, 219296, 219312, 219328, 219344, 219360, 219376, 219392, 219408, 219424, 219440, 219456, 219472, 219488, 219504, 219520, 219536, 219552, 219568, 219584, 219600, 219616, 219632, 219648, 219664, 219680, 219696, 219712, 219728, 219744, 219760, 219776, 219792, 219808, 219824, 219840, 219856, 219872, 219888, 219904, 219920, 219936, 219952, 219968, 219984, 220000, 220016, 220032, 220048, 220064, 220080, 220096, 220112, 220128, 220144, 220160, 220176, 220192, 220208, 220224, 220240, 220256, 220272, 220288, 220304, 220320, 220336, 220352, 220368, 220384, 220400, 220416, 220432, 220448, 220464, 220480, 220496, 220512, 220528, 220544, 220560, 220576, 220592, 220608, 220624, 220640, 220656, 220672, 220688, 220704, 220720, 220736, 220752, 220768, 220784, 220800, 220816, 220832, 220848, 220864, 220880, 220896, 220912, 220928, 220944, 220960, 220976, 220992, 221008, 221024, 221040, 221056, 221072, 221088, 221104, 221120, 221136, 221152, 221168, 221184, 221200, 221216, 221232, 221248, 221264, 221280, 221296, 221312, 221328, 221344, 221360, 221376, 221392, 221408, 221424, 221440, 221456, 221472, 221488, 221504, 221520, 221536, 221552, 221568, 221584, 221600, 221616, 221632, 221648, 221664, 221680, 221696, 221712, 221728, 221744, 221760, 226856, 226872, 226888, 226904, 226920, 226936, 226952, 226968, 226984, 227000, 227016, 227032, 227048, 227064, 227080, 227096, 227112, 227128, 227144, 227160, 227176, 227192, 227208, 227224, 227240, 227256, 227272, 227288, 227304, 227320, 227336, 227352, 227368, 227384, 227400, 227416, 227432, 227448, 227464, 227480, 227496, 227512, 227528, 227544, 227560, 227576, 227592, 227608, 227624, 227640, 227656, 227672, 227688, 227704, 227720, 227736, 227752, 227768, 227784, 227800, 227816, 227832, 227848, 227864, 227880, 227896, 227912, 227928, 227944, 227960, 227976, 227992, 228008, 228024, 228040, 228056, 228072, 228088, 228104, 228120, 228136, 228152, 228168, 228184, 228200, 228216, 228232, 228248, 228264, 228280, 228296, 228312, 228328, 228344, 228360, 228376, 228392, 228408, 228424, 228440, 228456, 228472, 228488, 228504, 228520, 228536, 228552, 228568, 228584, 228600, 228616, 228632, 228648, 228664, 228680, 228696, 228712, 228728, 228744, 228760, 228776, 228792, 228808, 228824, 228840, 228856, 228872, 228888, 228904, 228920, 228936, 228952, 228968, 228984, 229000, 229016, 229032, 229048, 229064, 229080, 229096, 229112, 229128, 229144, 229160, 229176, 229192, 229208, 229224, 229240, 229256, 229272, 229288, 229304, 229320, 229336, 229352, 229368, 229384, 229400, 229416, 229432, 229448, 229464, 229480, 229496, 229512, 229528, 229544, 229560, 229576, 229592, 229608, 229624, 229640, 229656, 229672, 229688, 229704, 229720, 229736, 229752, 229768, 229784, 229800, 229816, 229832, 229848, 229864, 229880, 229896, 229912, 229928, 229944, 229960, 229976, 229992, 230008, 230024, 230040, 230056, 230072, 230088, 230104, 230120, 230136, 230152, 230168, 230184, 230200, 230216, 230232, 230248, 230264, 230280, 230296, 230312, 230328, 230344, 230360, 230376, 230392, 230408, 230424, 230440, 230456, 230472, 230488, 230504, 230520, 230536, 230552, 230568, 230584, 230600, 230616, 230632, 230648, 230664, 230680, 230696, 230712, 230728, 230744, 230760, 230776, 230792, 230808, 230824, 230840, 230856, 230872, 238400, 238416, 238432, 238448, 238464, 238480, 238496, 238512, 238528, 238544, 238560, 238576, 238592, 238608, 238624, 238640, 238656, 238672, 238688, 238704, 238720, 238736, 238752, 238768, 238784, 238800, 238816, 238832, 238848, 238864, 238880, 238896, 238912, 238928, 238944, 238960, 238976, 238992, 239008, 239024, 239040, 239056, 239072, 239088, 239104, 239120, 239136, 239152, 239168, 239184, 239200, 239216, 239232, 239248, 239264, 239280, 239296, 239312, 239328, 239344, 239360, 239376, 239392, 239408, 239424, 239440, 239456, 239472, 239488, 239504, 239520, 239536, 239552, 239568, 239584, 239600, 239616, 239632, 239648, 239664, 239680, 239696, 239712, 239728, 239744, 239760, 239776, 239792, 239808, 239824, 239840, 239856, 239872, 239888, 239904, 239920, 239936, 239952, 239968, 239984, 246040, 246056, 246072, 246088, 246104, 246120, 246136, 246152, 246168, 246184, 246200, 246216, 246232, 246248, 246264, 246280, 246296, 246312, 246328, 246344, 246360, 246376, 246392, 246408, 246424, 246440, 246456, 246472, 246488, 246504, 246520, 246536, 246552, 246568, 246584, 246600, 246616, 246632, 246648, 246664, 246680, 246696, 246712, 246728, 246744, 246760, 246776, 246792, 246808, 246824, 246840, 246856, 246872, 246888, 246904, 246920, 246936, 246952, 246968, 246984, 247000, 247016, 247032, 247048, 247064, 247080, 247096, 247112, 247128, 247144, 247160, 247176, 247192, 247208, 247224, 247240, 247256, 247272, 247288, 247304, 247320, 247336, 247352, 247368, 247384, 247400, 247416, 247432, 247448, 247464, 247480, 247496, 247512, 247528, 247544, 247560, 247576, 247592, 247608, 247624, 247640, 247656, 247672, 247688, 247704, 247720, 247736, 247752, 247768, 247784, 247800, 247816, 247832, 247848, 247864, 247880, 247896, 247912, 247928, 247944, 247960, 247976, 247992, 248008, 248024, 248040, 248056, 248072, 248088, 248104, 248120, 248136, 248152, 248168, 248184, 248200, 248216, 248232, 248248, 248264, 248280, 248296, 248312, 248328, 248344, 248360, 248376, 248392, 248408, 248424, 248440, 248456, 248472, 248488, 248504, 248520, 248536, 248552, 248568, 248584, 248600, 248616, 248632, 248648, 248664, 248680, 248696, 248712, 248728, 248744, 248760, 248776, 248792, 248808, 248824, 248840, 248856, 248872, 248888, 248904, 248920, 248936, 248952, 248968, 248984, 249000, 249016, 249032, 249048, 249064, 249080, 249096, 250480, 250496, 250512, 250528, 250544, 250560, 250576, 250592, 250608, 250624, 250640, 250656, 250672, 250688, 250704, 250720, 250736, 250752, 250768, 250784, 250800, 250816, 250832, 250848, 250864, 250880, 250896, 250912, 250928, 250944, 250960, 250976, 250992, 251008, 251024, 251040, 251056, 251072, 251088, 251104, 251120, 251136, 251152, 251168, 251184, 251200, 251216, 251232, 251248, 251264, 251280, 251296, 251312, 251328, 251344, 251360, 251376, 251392, 251408, 251424, 251440, 251456, 251472, 251488, 251504, 251520, 251536, 251552, 251568, 251584, 251600, 251616, 251632, 251648, 251664, 251680, 251696, 251712, 251728, 251744, 251760, 251776, 251792, 251808, 251824, 251840, 251856, 251872, 251888, 251904, 251920, 251936, 251952, 251968, 251984, 252000, 252016, 252032, 252048, 252064, 252080, 252096, 252112, 252128, 252144, 252160, 252176, 252192, 252208, 252224, 252240, 252256, 252272, 252288, 252304, 252320, 252336, 252352, 252368, 252384, 252400, 252416, 252432, 252448, 252464, 252480, 252496, 252512, 252528, 252544, 252560, 252576, 252592, 252608, 252624, 252640, 252656, 252672, 252688, 252704, 252720, 252736, 252752, 252768, 252784, 252800, 252816, 252832, 252848, 252864, 252880, 252896, 252912, 252928, 252944, 252960, 252976, 252992, 253008, 253024, 253040, 253056, 253072, 253088, 253104, 253120, 253136, 253152, 253168, 253184, 253200, 253216, 253232, 253248, 253264, 253280, 253296, 253312, 253328, 253344, 253360, 253376, 253392, 253408, 253424, 253440, 253456, 253472, 253488, 253504, 253520, 253536, 253552, 253568, 253584, 253600, 253616, 253632, 253648, 253664, 253680, 253696, 253712, 253728, 253744, 253760, 253776, 253792, 253808, 253824, 253840, 253856, 253872, 253888, 253904, 253920, 253936, 253952, 253968, 253984, 254000, 254016, 254032, 254048, 254064, 254080, 254096, 254112, 254128, 254144, 254160, 254176, 254192, 254208, 254224, 254240, 254256, 254272, 254288, 254304, 254320, 254336, 254352, 254368, 254384, 254400, 254416, 254432, 254448, 254464, 254480, 254496, 254512, 254528, 254544, 254560, 254576, 254592, 254608, 254624, 254640, 254656, 254672, 254688, 254704, 254720, 254736, 254752, 254768, 254784, 254800, 254816, 254832, 254848, 254864, 254880, 254896, 254912, 254928, 254944, 254960, 254976, 254992, 255008, 255024, 255040, 255056, 255072, 255088, 255104, 255120, 255136, 255152, 255168, 255184, 255200, 255216, 255232, 255248, 255264, 255280, 255296, 255312, 255328, 255344, 255360, 255376, 255392, 255408, 255424, 255440, 255456, 255472, 255488, 255504, 255520, 255536, 255552, 255568, 255584, 255600, 255616, 255632, 255648, 255664, 255680, 255696, 255712, 255728, 255744, 255760, 255776, 255792, 255808, 255824, 255840, 255856, 255872, 255888, 255904, 255920, 255936, 255952, 255968, 255984, 256000, 256016, 256032, 256048, 256064, 256080, 256096, 256112, 256128, 256144, 256160, 256176, 256192, 256208, 256224, 256240, 256256, 256272, 256288, 256304, 256320, 256336, 256352, 256368, 256384, 256400, 256416, 256432, 256448, 256464, 256480, 256496, 256512, 256528, 256544, 256560, 256576, 256592, 256608, 256624, 256640, 256656, 256672, 256688, 256704, 256720, 256736, 256752, 256768, 256784, 256800, 256816, 256832, 256848, 256864, 256880, 256896, 256912, 256928, 256944, 256960, 256976, 256992, 257008, 257024, 257040, 257056, 257072, 257088, 257104, 257120, 257136, 257152, 257168, 257184, 257200, 257216, 257232, 257248, 257264, 257280, 257296, 257312, 257328, 257344, 257360, 257376, 257392, 257408, 257424, 257440, 257456, 257472, 257488, 257504, 257520, 257536, 257552, 257568, 257584, 257600, 257616, 257632, 257648, 257664, 257680, 257696, 257712, 257728, 257744, 257760, 257776, 257792, 257808, 257824, 257840, 257856, 257872, 257888, 257904, 257920, 257936, 257952, 257968, 257984, 258000, 258016, 258032, 258048, 258064, 258080, 258096, 258112, 258128, 258144, 258160, 258176, 258192, 258208, 261752, 261768, 261784, 261800, 261816, 261832, 261848, 261864, 261880, 261896, 261912, 261928, 261944, 261960, 261976, 261992, 262008, 262024, 262040, 262056, 262072, 262088, 262104, 262120, 262136, 262152, 262168, 262184, 262200, 262216, 262232, 262248, 262264, 262280, 262296, 262312, 262328, 262344, 262360, 262376, 262392, 262408, 262424, 262440, 262456, 262472, 262488, 262504, 262520, 262536, 262552, 262568, 262584, 262600, 262616, 262632, 262648, 262664, 262680, 262696, 262712, 262728, 262744, 262760, 262776, 262792, 262808, 262824, 262840, 262856, 262872, 262888, 262904, 262920, 262936, 262952, 262968, 262984, 263000, 263016, 263032, 263048, 263064, 263080, 263096, 263112, 263128, 263144, 263160, 263176, 263192, 263208, 263224, 263240, 263256, 263272, 263288, 263304, 263320, 263336, 263352, 263368, 263384, 263400, 263416, 263432, 263448, 263464, 263480, 263496, 263512, 263528, 263544, 263560, 263576, 263592, 263608, 263624, 263640, 263656, 263672, 263688, 263704, 263720, 263736, 263752, 263768, 263784, 263800, 263816, 263832, 263848, 263864, 263880, 263896, 263912, 263928, 263944, 263960, 263976, 263992, 264008, 264024, 264040, 264056, 264072, 264088, 264104, 264120, 264136, 264152, 264168, 264184, 264200, 264216, 264232, 264248, 264264, 264280, 264296, 264312, 264328, 264344, 264360, 264376, 264392, 264408, 264424, 264440, 264456, 264472, 264488, 264504, 264520, 264536, 264552, 264568, 264584, 264600, 264616, 264632, 264648, 264664, 264680, 264696, 264712, 264728, 264744, 264760, 264776, 264792, 264808, 264824, 264840, 264856, 264872, 264888, 264904, 264920, 264936, 264952, 264968, 264984, 265000, 265016, 265032, 265048, 265064, 265080, 265096, 265112, 265128, 265144, 265160, 265176, 265192, 265208, 265224, 265240, 265256, 265272, 265288, 265304, 265320, 265336, 265352, 265368, 265384, 265400, 265416, 265432, 265448, 265464, 265480, 265496, 265512, 265528, 265544, 265560, 265576, 265592, 265608, 265624, 265640, 265656, 265672, 265688, 265704, 265720, 265736, 265752, 265768, 265784, 265800, 265816, 265832, 265848, 265864, 265880, 265896, 265912, 265928, 265944, 265960, 265976, 265992, 266008, 266024, 266040, 266056, 266072, 266088, 266104, 266120, 266136, 266152, 266168, 266184, 266200, 266216, 266232, 266248, 266264, 266280, 266296, 266312, 266328, 266344, 266360, 266376, 266392, 266408, 266424, 266440, 266456, 266472, 266488, 266504, 266520, 266536, 266552, 266568, 266584, 266600, 266616, 266632, 266648, 266664, 266680, 266696, 266712, 266728, 266744, 266760, 266776, 266792, 266808, 266824, 266840, 266856, 266872, 266888, 266904, 266920, 266936, 266952, 266968, 266984, 267000, 267016, 267032, 267048, 267064, 267080, 267096, 267112, 267128, 267144, 267160, 267176, 267192, 267208, 267224, 267240, 267256, 267272, 267288, 267304, 270864, 270880, 270896, 270912, 270928, 270944, 270960, 270976, 270992, 271008, 271024, 271040, 271056, 271072, 271088, 271104, 271120, 271136, 271152, 271168, 271184, 271200, 271216, 271232, 271248, 271264, 271280, 271296, 271312, 271328, 271344, 271360, 271376, 271392, 271408, 271424, 271440, 271456, 271472, 271488, 271504, 271520, 271536, 271552, 271568, 271584, 271600, 271616, 271632, 271648, 271664, 271680, 271696, 271712, 271728, 271744, 271760, 271776, 271792, 271808, 271824, 271840, 271856, 271872, 271888, 271904, 271920, 271936, 271952, 271968, 271984, 272000, 272016, 272032, 272048, 272064, 272080, 272096, 272112, 272128, 272144, 272160, 272176, 272192, 272208, 272224, 272240, 272256, 272272, 272288, 272304, 272320, 272336, 272352, 272368, 272384, 272400, 272416, 272432, 272448, 272464, 272480, 272496, 272512, 272528, 272544, 272560, 272576, 272592, 272608, 272624, 272640, 272656, 272672, 272688, 272704, 272720, 272736, 272752, 272768, 272784, 272800, 272816, 272832, 272848, 272864, 272880, 272896, 272912, 272928, 272944, 272960, 272976, 272992, 273008, 273024, 273040, 273056, 273072, 273088, 273104, 273120, 273136, 273152, 273168, 273184, 273200, 273216, 273232, 273248, 273264, 273280, 273296, 273312, 273328, 273344, 273360, 273376, 273392, 273408, 273424, 273440, 273456, 273472, 273488, 273504, 273520, 273536, 273552, 273568, 273584, 273600, 273616, 273632, 273648, 273664, 273680, 273696, 273712, 273728, 273744, 273760, 273776, 273792, 273808, 273824, 273840, 273856, 273872, 273888, 273904, 273920, 273936, 273952, 273968, 273984, 274000, 274016, 274032, 274048, 274064, 274080, 274096, 274112, 274128, 274144, 274160, 274176, 274192, 274208, 274224, 274240, 274256, 274272, 274288, 274304, 274320, 274336, 274352, 274368, 274384, 274400, 274416, 274432, 274448, 274464, 274480, 274496, 274512, 274528, 274544, 274560, 274576, 274592, 274608, 274624, 274640, 274656, 274672, 274688, 274704, 274720, 274736, 274752, 274768, 274784, 274800, 274816, 274832, 274848, 274864, 274880, 274896, 274912, 274928, 274944, 274960, 274976, 274992, 275008, 275024, 275040, 275056, 275072, 275088, 275104, 275120, 275136, 275152, 275168, 275184, 275200, 275216, 275232, 275248, 275264, 275280, 275296, 275312, 275328, 275344, 275360, 275376, 275392, 275408, 275424, 275440, 275456, 275472, 275488, 275504, 275520, 275536, 275552, 275568, 275584, 275600, 275616, 275632, 275648, 275664, 275680, 275696, 275712, 275728, 275744, 275760, 275776, 275792, 275808, 275824, 275840, 275856, 275872, 275888, 275904, 275920, 275936, 275952, 275968, 275984, 276000, 276016, 276032, 276048, 276064, 276080, 276096, 276112, 276128, 276144, 276160, 276176, 276192, 276208, 276224, 276240, 276256, 276272, 276288, 276304, 276320, 276336, 276352, 276368, 276384, 276400, 276416]

== stride hunt (inventory at 0x0A00 and 0x0A00+S both FFFF-terminated) ==
  inv@0x0A00 n=10 last=(2632, (65535, 20054, 0, 18663))
  candidate strides=410
    S=22416 n=30 sample=[(24976, (0, 0, 0, 0)), (24984, (0, 0, 0, 0)), (24992, (0, 0, 0, 0)), (25000, (0, 0, 0, 0)), (25008, (0, 0, 0, 0)), (25016, (0, 0, 0, 0))]
    S=22424 n=29 sample=[(24984, (0, 0, 0, 0)), (24992, (0, 0, 0, 0)), (25000, (0, 0, 0, 0)), (25008, (0, 0, 0, 0)), (25016, (0, 0, 0, 0)), (25024, (0, 0, 0, 0))]
    S=22432 n=28 sample=[(24992, (0, 0, 0, 0)), (25000, (0, 0, 0, 0)), (25008, (0, 0, 0, 0)), (25016, (0, 0, 0, 0)), (25024, (0, 0, 0, 0)), (25032, (0, 0, 0, 0))]
    S=22440 n=27 sample=[(25000, (0, 0, 0, 0)), (25008, (0, 0, 0, 0)), (25016, (0, 0, 0, 0)), (25024, (0, 0, 0, 0)), (25032, (0, 0, 0, 0)), (25040, (0, 0, 0, 0))]
    S=22448 n=26 sample=[(25008, (0, 0, 0, 0)), (25016, (0, 0, 0, 0)), (25024, (0, 0, 0, 0)), (25032, (0, 0, 0, 0)), (25040, (0, 0, 0, 0)), (25048, (0, 0, 0, 0))]
    S=22456 n=25 sample=[(25016, (0, 0, 0, 0)), (25024, (0, 0, 0, 0)), (25032, (0, 0, 0, 0)), (25040, (0, 0, 0, 0)), (25048, (0, 0, 0, 0)), (25056, (0, 0, 0, 0))]
    S=22464 n=24 sample=[(25024, (0, 0, 0, 0)), (25032, (0, 0, 0, 0)), (25040, (0, 0, 0, 0)), (25048, (0, 0, 0, 0)), (25056, (0, 0, 0, 0)), (25064, (0, 0, 0, 0))]
    S=22472 n=23 sample=[(25032, (0, 0, 0, 0)), (25040, (0, 0, 0, 0)), (25048, (0, 0, 0, 0)), (25056, (0, 0, 0, 0)), (25064, (0, 0, 0, 0)), (25072, (0, 0, 0, 0))]
    S=22480 n=22 sample=[(25040, (0, 0, 0, 0)), (25048, (0, 0, 0, 0)), (25056, (0, 0, 0, 0)), (25064, (0, 0, 0, 0)), (25072, (0, 0, 0, 0)), (25080, (0, 0, 0, 0))]
    S=22488 n=21 sample=[(25048, (0, 0, 0, 0)), (25056, (0, 0, 0, 0)), (25064, (0, 0, 0, 0)), (25072, (0, 0, 0, 0)), (25080, (0, 0, 0, 0)), (25088, (0, 0, 0, 1))]
    S=22496 n=20 sample=[(25056, (0, 0, 0, 0)), (25064, (0, 0, 0, 0)), (25072, (0, 0, 0, 0)), (25080, (0, 0, 0, 0)), (25088, (0, 0, 0, 1)), (25096, (1, 0, 0, 0))]
    S=22504 n=19 sample=[(25064, (0, 0, 0, 0)), (25072, (0, 0, 0, 0)), (25080, (0, 0, 0, 0)), (25088, (0, 0, 0, 1)), (25096, (1, 0, 0, 0)), (25104, (0, 0, 0, 0))]
    S=22512 n=18 sample=[(25072, (0, 0, 0, 0)), (25080, (0, 0, 0, 0)), (25088, (0, 0, 0, 1)), (25096, (1, 0, 0, 0)), (25104, (0, 0, 0, 0)), (25112, (0, 0, 0, 0))]
    S=22520 n=17 sample=[(25080, (0, 0, 0, 0)), (25088, (0, 0, 0, 1)), (25096, (1, 0, 0, 0)), (25104, (0, 0, 0, 0)), (25112, (0, 0, 0, 0)), (25120, (0, 0, 0, 0))]
    S=22528 n=16 sample=[(25088, (0, 0, 0, 1)), (25096, (1, 0, 0, 0)), (25104, (0, 0, 0, 0)), (25112, (0, 0, 0, 0)), (25120, (0, 0, 0, 0)), (25128, (0, 0, 0, 0))]

========== TASK 2(a) single-body L0 live counts ==========
  FILE L0 live=85 term_off=936 first3=[(0, 0, 52, 1), (35, 0, 3, 1), (35, 0, 4, 1)] last3=[(51, 0, 8, 65535), (51, 0, 8, 65535), (64, 0, 300, 65535)]

========== TASK 5 .256 RLE ==========

-- rsrc 195 size=31628 --
  bytes[240:280]=1c 00 82 80 00 80 07 00 85 40 00 00 80 00 80 05 00 90 0b 0d 0c 0c 0b 09 06 05 06 07 09 0a 0b 0c 0b 0b 09 00 08 88 0a 0c
  u16be[240:280]=[7168, 33408, 128, 1792, 34112, 0, 32768, 32773, 144, 2829, 3084, 2825, 1541, 1543, 2314, 2828, 2827, 2304, 2184, 2572]
  u32be[240:280]=[469795456, 8390400, 2235564032, 2147516421, 9440013, 202115849, 100992519, 151653132, 185272576, 143133196]
  u16@20=128 u16@244=128 u32@249=1073741952

-- rsrc 196 size=32727 --
  bytes[240:280]=1c 00 82 80 00 80 07 00 85 40 00 00 80 00 80 05 00 8f 04 06 06 05 05 04 03 03 05 04 07 06 04 06 04 04 00 06 af 04 03 07
  u16be[240:280]=[7168, 33408, 128, 1792, 34112, 0, 32768, 32773, 143, 1030, 1541, 1284, 771, 1284, 1798, 1030, 1028, 6, 44804, 775]
  u32be[240:280]=[469795456, 8390400, 2235564032, 2147516421, 9372678, 100992260, 50529540, 117834758, 67371014, 2936275719]
  u16@20=128 u16@244=128 u32@249=1073741952

-- rsrc 197 size=27838 --
  bytes[240:280]=1c 00 82 80 00 80 07 00 85 40 00 00 80 00 80 05 00 83 0f 0f 0d 0a 04 09 04 03 81 05 0f 01 10 87 0d 0b 0a 09 0a 09 0b 0c
  u16be[240:280]=[7168, 33408, 128, 1792, 34112, 0, 32768, 32773, 131, 3855, 3338, 1033, 1027, 33029, 3841, 4231, 3339, 2569, 2569, 2828]
  u32be[240:280]=[469795456, 8390400, 2235564032, 2147516421, 8589071, 218760201, 67338501, 251728007, 218827273, 168364812]
  u16@20=128 u16@244=128 u32@249=1073741952

-- rsrc 198 size=18545 --
  bytes[240:280]=1c 00 82 80 00 80 07 00 85 40 00 00 80 00 80 05 00 80 03 00 04 80 03 00 04 80 03 00 04 80 03 00 04 80 03 00 04 83 03 04
  u16be[240:280]=[7168, 33408, 128, 1792, 34112, 0, 32768, 32773, 128, 768, 1152, 768, 1152, 768, 1152, 768, 1152, 768, 1155, 772]
  u32be[240:280]=[469795456, 8390400, 2235564032, 2147516421, 8389376, 75498240, 75498240, 75498240, 75498240, 75694852]
  u16@20=128 u16@244=128 u32@249=1073741952

-- rsrc 199 size=31733 --
  bytes[240:280]=1c 00 82 80 00 80 07 00 85 40 00 00 80 00 80 05 00 b2 0b 07 09 06 09 07 07 06 08 05 07 07 08 06 0c 0a 06 07 07 08 06 08
  u16be[240:280]=[7168, 33408, 128, 1792, 34112, 0, 32768, 32773, 178, 2823, 2310, 2311, 1798, 2053, 1799, 2054, 3082, 1543, 1800, 1544]
  u32be[240:280]=[469795456, 8390400, 2235564032, 2147516421, 11668231, 151390471, 117835781, 117901318, 201983495, 117966344]
  u16@20=128 u16@244=128 u32@249=1073741952

-- rsrc 200 size=32253 --
  bytes[240:280]=1c 00 82 80 00 80 07 00 85 40 00 00 80 00 80 05 00 ab 09 0c 11 09 07 09 07 06 08 08 09 06 09 05 06 09 07 08 0a 0b 09 08
  u16be[240:280]=[7168, 33408, 128, 1792, 34112, 0, 32768, 32773, 171, 2316, 4361, 1801, 1798, 2056, 2310, 2309, 1545, 1800, 2571, 2312]
  u32be[240:280]=[469795456, 8390400, 2235564032, 2147516421, 11208972, 285804297, 117835784, 151390469, 101254920, 168495368]
  u16@20=128 u16@244=128 u32@249=1073741952

-- rsrc 201 size=32428 --
  bytes[240:280]=1c 00 82 80 00 80 07 00 85 40 00 00 80 00 80 05 00 ab 07 10 11 0e 0d 06 05 08 0d 0f 05 0f 0b 05 06 04 07 05 05 04 07 06
  u16be[240:280]=[7168, 33408, 128, 1792, 34112, 0, 32768, 32773, 171, 1808, 4366, 3334, 1288, 3343, 1295, 2821, 1540, 1797, 1284, 1798]
  u32be[240:280]=[469795456, 8390400, 2235564032, 2147516421, 11208464, 286133510, 84413711, 84871941, 100927237, 84150022]
  u16@20=128 u16@244=128 u32@249=1073741952

-- rsrc 202 size=31396 --
  bytes[240:280]=1c 00 82 80 00 80 07 00 85 40 00 00 80 00 80 05 00 90 08 09 0e 12 0d 09 07 07 06 07 07 08 0e 12 0e 09 08 00 07 98 09 0b
  u16be[240:280]=[7168, 33408, 128, 1792, 34112, 0, 32768, 32773, 144, 2057, 3602, 3337, 1799, 1543, 1800, 3602, 3593, 2048, 1944, 2315]
  u32be[240:280]=[469795456, 8390400, 2235564032, 2147516421, 9439241, 236064009, 117900807, 117968402, 235472896, 127404299]
  u16@20=128 u16@244=128 u32@249=1073741952

== T5(a) per-row reset (128 rows x 128) ==
  195 @257 plus1+highbit: out=16384 used=17139/31371 rows_done=128 leftover=14232
  195 @257 times8+highbit: out=16384 used=21724/31371 rows_done=128 leftover=9647
  195 @257 opcodes00=copy8: out=16384 used=17507/31371 rows_done=128 leftover=13864
  195 @258 plus1+highbit: out=16384 used=17138/31370 rows_done=128 leftover=14232
  195 @258 times8+highbit: out=16384 used=21919/31370 rows_done=128 leftover=9451
  195 @258 opcodes00=copy8: out=16384 used=17506/31370 rows_done=128 leftover=13864
  196 @257 plus1+highbit: out=16384 used=16438/32470 rows_done=128 leftover=16032
  196 @257 times8+highbit: out=16384 used=22061/32470 rows_done=128 leftover=10409
  196 @257 opcodes00=copy8: out=16384 used=17349/32470 rows_done=128 leftover=15121
  196 @258 plus1+highbit: out=16384 used=16437/32469 rows_done=128 leftover=16032
  196 @258 times8+highbit: out=16384 used=22270/32469 rows_done=128 leftover=10199
  196 @258 opcodes00=copy8: out=16384 used=17348/32469 rows_done=128 leftover=15121
  198 @257 plus1+highbit: out=16384 used=18203/18288 rows_done=128 leftover=85
  198 @257 times8+highbit: out=12987 used=18288/18288 rows_done=102 leftover=0
  198 @257 opcodes00=copy8: out=16384 used=18055/18288 rows_done=128 leftover=233
  198 @258 plus1+highbit: out=16384 used=18202/18287 rows_done=128 leftover=85
  198 @258 times8+highbit: out=12987 used=18287/18287 rows_done=102 leftover=0
  198 @258 opcodes00=copy8: out=16384 used=18054/18287 rows_done=128 leftover=233

== T5(b) u16be row-length prefixes ==
  195 @257: ok=False consumed=2/31371 sum_lens=0 leftover=n/a lens_minmax=(36875,36875) first8=[36875]
  195 @258: ok=False consumed=2/31370 sum_lens=0 leftover=n/a lens_minmax=(2829,2829) first8=[2829]
  195 @280: ok=False consumed=2/31348 sum_lens=0 leftover=n/a lens_minmax=(3600,3600) first8=[3600]
  196 @257: ok=False consumed=2/32470 sum_lens=0 leftover=n/a lens_minmax=(36612,36612) first8=[36612]
  196 @258: ok=False consumed=2/32469 sum_lens=0 leftover=n/a lens_minmax=(1030,1030) first8=[1030]
  196 @280: ok=False consumed=2/32447 sum_lens=0 leftover=n/a lens_minmax=(1287,1287) first8=[1287]
  197 @257: ok=False consumed=2/27581 sum_lens=0 leftover=n/a lens_minmax=(33551,33551) first8=[33551]
  197 @258: ok=False consumed=2/27580 sum_lens=0 leftover=n/a lens_minmax=(3855,3855) first8=[3855]
  197 @280: ok=False consumed=2/27558 sum_lens=0 leftover=n/a lens_minmax=(782,782) first8=[782]
  198 @257: ok=False consumed=2/18288 sum_lens=0 leftover=n/a lens_minmax=(32771,32771) first8=[32771]
  198 @258: ok=False consumed=2/18287 sum_lens=0 leftover=n/a lens_minmax=(768,768) first8=[768]
  198 @280: ok=False consumed=2/18265 sum_lens=0 leftover=n/a lens_minmax=(1027,1027) first8=[1027]
  199 @257: ok=False consumed=2/31476 sum_lens=0 leftover=n/a lens_minmax=(45579,45579) first8=[45579]
  199 @258: ok=False consumed=2/31475 sum_lens=0 leftover=n/a lens_minmax=(2823,2823) first8=[2823]
  199 @280: ok=False consumed=2/31453 sum_lens=0 leftover=n/a lens_minmax=(1289,1289) first8=[1289]
  200 @257: ok=False consumed=2/31996 sum_lens=0 leftover=n/a lens_minmax=(43785,43785) first8=[43785]
  200 @258: ok=False consumed=2/31995 sum_lens=0 leftover=n/a lens_minmax=(2316,2316) first8=[2316]
  200 @280: ok=False consumed=2/31973 sum_lens=0 leftover=n/a lens_minmax=(1801,1801) first8=[1801]
  201 @257: ok=False consumed=2/32171 sum_lens=0 leftover=n/a lens_minmax=(43783,43783) first8=[43783]
  201 @258: ok=False consumed=2/32170 sum_lens=0 leftover=n/a lens_minmax=(1808,1808) first8=[1808]
  201 @280: ok=False consumed=2/32148 sum_lens=0 leftover=n/a lens_minmax=(1799,1799) first8=[1799]
  202 @257: ok=False consumed=2/31139 sum_lens=0 leftover=n/a lens_minmax=(36872,36872) first8=[36872]
  202 @258: ok=False consumed=2/31138 sum_lens=0 leftover=n/a lens_minmax=(2057,2057) first8=[2057]
  202 @280: ok=False consumed=2/31116 sum_lens=0 leftover=n/a lens_minmax=(3342,3342) first8=[3342]

== T5(c) row offset table in first 512 ==
  195 table@0 u16 n=128: inc=82 inrange=84 first8=[0, 33144, 39168, 512, 1, 6144, 1, 22528] last4=[34112, 0, 32768, 32773]
  195 table@7 u16 n=128: inc=80 inrange=88 first8=[0, 280, 0, 344, 0, 376, 0, 32768] last4=[1280, 36875, 3340, 3083]
  195 table@20 u16 n=128: inc=82 inrange=86 first8=[128, 2, 0, 512, 4096, 771, 65409, 4] last4=[2314, 2828, 2827, 2304]
  195 table@240 u16 n=128: inc=61 inrange=113 first8=[7168, 33408, 128, 1792, 34112, 0, 32768, 32773] last4=[2826, 11, 13, 14]
  195 table@244 u16 n=128: inc=61 inrange=113 first8=[128, 1792, 34112, 0, 32768, 32773, 144, 2829] last4=[13, 14, 34829, 3083]
  195 table@249 u16 n=128: inc=59 inrange=119 first8=[16384, 128, 128, 1280, 36875, 3340, 3083, 2310] last4=[3340, 2826, 2055, 1544]
  195 table@256 u16 n=128: inc=59 inrange=115 first8=[144, 2829, 3084, 2825, 1541, 1543, 2314, 2828] last4=[2056, 11, 35338, 2054]
  195 table@0 u32 n=128: inc=66 inrange=1 first8=[33144, 2566914560, 71680, 88064, 96256, 8388610, 512, 268436227] last4=[2282556427, 168298246, 134742027, 2315913222]
  195 table@7 u32 n=128: inc=66 inrange=3 first8=[280, 344, 376, 32768, 33554434, 1048579, 67076352, 67366529] last4=[101189632, 193595912, 100992004, 84281096]
  195 table@240 u32 n=128: inc=63 inrange=0 first8=[469795456, 8390400, 2235564032, 2147516421, 9440013, 202115849, 100992519, 151653132] last4=[286265103, 218958850, 193136904, 84148227]
  195 table@249 u32 n=128: inc=71 inrange=0 first8=[1073741952, 8389888, 2416643340, 202049798, 84281097, 168496139, 185139208, 2282359822] last4=[2198407173, 67109762, 67437824, 100665230]
  198 table@0 u16 n=128: inc=82 inrange=72 first8=[0, 33144, 39168, 512, 1, 6144, 1, 22528] last4=[34112, 0, 32768, 32773]
  198 table@7 u16 n=128: inc=81 inrange=78 first8=[0, 280, 0, 344, 0, 376, 0, 32768] last4=[1280, 32771, 4, 32771]
  198 table@20 u16 n=128: inc=82 inrange=76 first8=[128, 2, 0, 512, 4096, 771, 65409, 4] last4=[1152, 768, 1152, 768]
  198 table@240 u16 n=128: inc=56 inrange=99 first8=[7168, 33408, 128, 1792, 34112, 0, 32768, 32773] last4=[772, 1027, 516, 33539]
  198 table@244 u16 n=128: inc=56 inrange=100 first8=[128, 1792, 34112, 0, 32768, 32773, 128, 768] last4=[516, 33539, 1028, 2109]
  198 table@249 u16 n=128: inc=55 inrange=110 first8=[16384, 128, 128, 1280, 32771, 4, 32771, 4] last4=[1032, 15631, 33032, 769]
  198 table@256 u16 n=128: inc=55 inrange=101 first8=[128, 768, 1152, 768, 1152, 768, 1152, 768] last4=[260, 32771, 260, 32771]
  198 table@0 u32 n=128: inc=59 inrange=1 first8=[33144, 2566914560, 71680, 88064, 96256, 8388610, 512, 268436227] last4=[67373117, 260114435, 17072131, 17072131]
  198 table@7 u32 n=128: inc=62 inrange=3 first8=[280, 344, 376, 32768, 33554434, 1048579, 67076352, 67366529] last4=[50398336, 50398336, 50660480, 50332800]
  198 table@240 u32 n=128: inc=57 inrange=0 first8=[469795456, 8390400, 2235564032, 2147516421, 8389376, 75498240, 75498240, 75498240] last4=[2181235719, 1057980422, 295427, 67305732]
  198 table@249 u32 n=128: inc=57 inrange=0 first8=[1073741952, 8389888, 2147680260, 2147680260, 2147680260, 2147680260, 2147680260, 2198012932] last4=[75629316, 50398336, 50332800, 50332800]

== T5(d) leftover after max output (target 33144) ==
  195 @257 plus1+highbit: out=31111 used=31371 remain=0 remain_hex=
  195 @257 times8+highbit: out=31198 used=31371 remain=0 remain_hex=
  195 @257 opcodes: out=30496 used=31371 remain=0 remain_hex=
  195 @258 plus1+highbit: out=31095 used=31370 remain=0 remain_hex=
  195 @258 times8+highbit: out=31208 used=31370 remain=0 remain_hex=
  195 @258 opcodes: out=30480 used=31370 remain=0 remain_hex=
  196 @257 plus1+highbit: out=33144 used=31662 remain=808 remain_hex=0e 8b 0b 0d 0e 0f 0f 0e 10 10 0e 10 0f 0f 00 11 96 0f 0e 0e 0b 0b 0a 0a 09 09 0a 0a 06 08 08 07
  196 @257 times8+highbit: out=32487 used=32470 remain=0 remain_hex=
  196 @257 opcodes: out=32181 used=32470 remain=0 remain_hex=
  196 @258 plus1+highbit: out=33144 used=31677 remain=792 remain_hex=96 0f 0e 0e 0b 0b 0a 0a 09 09 0a 0a 06 08 08 07 0a 0b 0d 0b 0a 0b 0b 0c 00 0b c1 0e 0a 0b 0c 09
  196 @258 times8+highbit: out=32442 used=32469 remain=0 remain_hex=
  196 @258 opcodes: out=32141 used=32469 remain=0 remain_hex=
  197 @257 plus1+highbit: out=26362 used=27581 remain=0 remain_hex=
  197 @257 times8+highbit: out=27288 used=27581 remain=0 remain_hex=
  197 @257 opcodes: out=26455 used=27581 remain=0 remain_hex=
  197 @258 plus1+highbit: out=26359 used=27580 remain=0 remain_hex=
  197 @258 times8+highbit: out=27321 used=27580 remain=0 remain_hex=
  197 @258 opcodes: out=26452 used=27580 remain=0 remain_hex=
  198 @257 plus1+highbit: out=17590 used=18288 remain=0 remain_hex=
  198 @257 times8+highbit: out=18156 used=18288 remain=0 remain_hex=
  198 @257 opcodes: out=17712 used=18288 remain=0 remain_hex=
  198 @258 plus1+highbit: out=17591 used=18287 remain=0 remain_hex=
  198 @258 times8+highbit: out=18154 used=18287 remain=0 remain_hex=
  198 @258 opcodes: out=17736 used=18287 remain=0 remain_hex=
  199 @257 plus1+highbit: out=31941 used=31476 remain=0 remain_hex=
  199 @257 times8+highbit: out=31335 used=31476 remain=0 remain_hex=
  199 @257 opcodes: out=30681 used=31476 remain=0 remain_hex=
  199 @258 plus1+highbit: out=31891 used=31475 remain=0 remain_hex=
  199 @258 times8+highbit: out=31290 used=31475 remain=0 remain_hex=
  199 @258 opcodes: out=30631 used=31475 remain=0 remain_hex=
  200 @257 plus1+highbit: out=32944 used=31996 remain=0 remain_hex=
  200 @257 times8+highbit: out=32056 used=31996 remain=0 remain_hex=
  200 @257 opcodes: out=31641 used=31996 remain=0 remain_hex=
  200 @258 plus1+highbit: out=32904 used=31995 remain=0 remain_hex=
  200 @258 times8+highbit: out=32068 used=31995 remain=0 remain_hex=
  200 @258 opcodes: out=31607 used=31995 remain=0 remain_hex=
  201 @257 plus1+highbit: out=33144 used=31937 remain=234 remain_hex=0b 09 10 0d 0e 11 12 0b 0a 0b 0c 09 0a 09 09 0b 12 12 08 0a 0a 09 09 00 0a 84 0b 09 0a 09 08 00
  201 @257 times8+highbit: out=32229 used=32171 remain=0 remain_hex=
  201 @257 opcodes: out=32362 used=32171 remain=0 remain_hex=
  201 @258 plus1+highbit: out=33144 used=31857 remain=313 remain_hex=0b 0c 0a 0c 0b 0a 09 0a 09 09 0b 0d 09 10 0b 0d 0b 09 0e 12 11 09 0b 08 08 12 12 0f 0d 0a 09 0b
  201 @258 times8+highbit: out=32201 used=32170 remain=0 remain_hex=
  201 @258 opcodes: out=32344 used=32170 remain=0 remain_hex=
  202 @257 plus1+highbit: out=31482 used=31139 remain=0 remain_hex=
  202 @257 times8+highbit: out=30890 used=31139 remain=0 remain_hex=
  202 @257 opcodes: out=30632 used=31139 remain=0 remain_hex=
  202 @258 plus1+highbit: out=31489 used=31138 remain=0 remain_hex=
  202 @258 times8+highbit: out=30869 used=31138 remain=0 remain_hex=
  202 @258 opcodes: out=30639 used=31138 remain=0 remain_hex=

== T5(e) COLUMN-major 128 columns x 128 ==
  195 @257 plus1+highbit col-reset: out=16384 used=17139/31371 cols_done=128 leftover=14232
    stream-to-16384: out=16384 used=16391 leftover=14980
  195 @257 times8+highbit col-reset: out=16384 used=21724/31371 cols_done=128 leftover=9647
    stream-to-16384: out=16384 used=16486 leftover=14885
  195 @257 opcodes00=copy8 col-reset: out=16384 used=17507/31371 cols_done=128 leftover=13864
    stream-to-16384: out=16384 used=16649 leftover=14722
  195 @257 raw[:16384] avail=16384
  195 @258 plus1+highbit col-reset: out=16384 used=17138/31370 cols_done=128 leftover=14232
    stream-to-16384: out=16384 used=16392 leftover=14978
  195 @258 times8+highbit col-reset: out=16384 used=21919/31370 cols_done=128 leftover=9451
    stream-to-16384: out=16384 used=16485 leftover=14885
  195 @258 opcodes00=copy8 col-reset: out=16384 used=17506/31370 cols_done=128 leftover=13864
    stream-to-16384: out=16384 used=16664 leftover=14706
  195 @258 raw[:16384] avail=16384
  196 @257 plus1+highbit col-reset: out=16384 used=16438/32470 cols_done=128 leftover=16032
    stream-to-16384: out=16384 used=15604 leftover=16866
  196 @257 times8+highbit col-reset: out=16384 used=22061/32470 cols_done=128 leftover=10409
    stream-to-16384: out=16384 used=16307 leftover=16163
  196 @257 opcodes00=copy8 col-reset: out=16384 used=17349/32470 cols_done=128 leftover=15121
    stream-to-16384: out=16384 used=16476 leftover=15994
  196 @257 raw[:16384] avail=16384
  196 @258 plus1+highbit col-reset: out=16384 used=16437/32469 cols_done=128 leftover=16032
    stream-to-16384: out=16384 used=15618 leftover=16851
  196 @258 times8+highbit col-reset: out=16384 used=22270/32469 cols_done=128 leftover=10199
    stream-to-16384: out=16384 used=16395 leftover=16074
  196 @258 opcodes00=copy8 col-reset: out=16384 used=17348/32469 cols_done=128 leftover=15121
    stream-to-16384: out=16384 used=16521 leftover=15948
  196 @258 raw[:16384] avail=16384
  198 @257 plus1+highbit col-reset: out=16384 used=18203/18288 cols_done=128 leftover=85
    stream-to-16384: out=16384 used=17061 leftover=1227
  198 @257 times8+highbit col-reset: out=12987 used=18288/18288 cols_done=102 leftover=0
    stream-to-16384: out=16384 used=16536 leftover=1752
  198 @257 opcodes00=copy8 col-reset: out=16384 used=18055/18288 cols_done=128 leftover=233
    stream-to-16384: out=16384 used=16926 leftover=1362
  198 @257 raw[:16384] avail=16384
  198 @258 plus1+highbit col-reset: out=16384 used=18202/18287 cols_done=128 leftover=85
    stream-to-16384: out=16384 used=17060 leftover=1227
  198 @258 times8+highbit col-reset: out=12987 used=18287/18287 cols_done=102 leftover=0
    stream-to-16384: out=16384 used=16535 leftover=1752
  198 @258 opcodes00=copy8 col-reset: out=16384 used=18054/18287 cols_done=128 leftover=233
    stream-to-16384: out=16384 used=16896 leftover=1391
  198 @258 raw[:16384] avail=16384
