source: C:\Users\Colton S Covert\Documents\GitHub\Pathways-Into-Darkness-Unity\data\hfs\Pathways_1995\Sounds.rsrc
count: 86

    id  fmt encode        Hz bits ch   bytes     sec note
 10000    1 stdSH    11127.3    8  1    4650   0.414
 10001    1 stdSH    11127.3    8  1    4298   0.382
 10006    1 stdSH    11127.3    8  1    3690   0.328
 10008    1 stdSH    22254.5    8  1    4818   0.215
 10010    1 stdSH    11127.3    8  1    8010   0.716
 10020    1 stdSH    11127.3    8  1    5482   0.489
 10021    1 stdSH    11127.3    8  1    8490   0.759
 10030    1 stdSH    22254.5    8  1   15962   0.715
 10040    1 stdSH    22257.0    8  1    1386   0.060
 10050    1 stdSH    11127.3    8  1    5866   0.523
 10060    1 stdSH    11127.3    8  1    4394   0.391
 10070    1 stdSH    11127.3    8  1    1642   0.144
 10080    1 stdSH    11127.3    8  1    5706   0.509
 10085    1 stdSH    11127.3    8  1    5226   0.466
 10100    1 stdSH    11127.3    8  1   16522   1.481
 10120    1 stdSH    11127.3    8  1   15530   1.392
 10130    1 stdSH    11127.3    8  1   14122   1.265
 10140    1 stdSH    22254.5    8  1   21674   0.972
 10150    1 stdSH    11127.3    8  1    3306   0.293
 10160    1 stdSH    11127.3    8  1    2458   0.217
 10170    1 stdSH    22254.5    8  1    8374   0.374
 10171    1 stdSH    22254.5    8  1    6721   0.300
 10172    1 stdSH    22254.5    8  1    7194   0.321
 10180    1 stdSH    11127.3    8  1    4682   0.417
 10210    1 stdSH    11127.3    8  1   11806   1.057
 10220    1 stdSH    11127.3    8  1   20522   1.841
 10230    1 stdSH    11127.3    8  1   17450   1.564
 10240    1 stdSH    11127.3    8  1    6186   0.552
 10245    1 stdSH    11127.3    8  1    6186   0.552
 10250    1 stdSH    11127.3    8  1   16506   1.480
 10260    1 stdSH    11127.3    8  1   14858   1.332
 10270    1 stdSH    11127.3    8  1    5802   0.518
 10280    1 stdSH    11127.3    8  1    2958   0.262
 10290    1 stdSH    11127.3    8  1    9898   0.886
 10310    1 stdSH    22254.5    8  1    9834   0.440
 10312    1 stdSH    22254.5    8  1    5058   0.225
 10320    1 stdSH    11127.3    8  1    3146   0.279
 10325    1 stdSH    11127.3    8  1    2866   0.254
 10330    1 stdSH    22254.5    8  1    2068   0.091
 10340    1 stdSH    11127.3    8  1    5386   0.480
 10341    1 stdSH    11127.3    8  1    6492   0.580
 10350    1 stdSH    11127.3    8  1    7914   0.707
 10355    1 stdSH    11127.3    8  1    2138   0.188
 10360    1 stdSH    11127.3    8  1    5122   0.457
 10370    1 stdSH    11127.3    8  1    6498   0.580
 10390    1 stdSH    11127.3    8  1   10794   0.966
 10400    1 stdSH    11127.3    8  1    4890   0.436
 10405    1 stdSH    11127.3    8  1   10202   0.913
 10410    1 stdSH    11127.3    8  1    1642   0.144
 10420    1 stdSH    11127.3    8  1   13738   1.231
 10430    1 stdSH    11127.3    8  1    6314   0.564
 10440    1 stdSH    11127.3    8  1    5807   0.518
 10450    1 stdSH    11127.3    8  1    3882   0.345
 10460    1 stdSH    22254.5    8  1    5787   0.258
 10465    1 stdSH    11127.3    8  1    3818   0.339
 10470    1 stdSH    11127.3    8  1   10314   0.923
 10480    1 stdSH    11127.3    8  1   17193   1.541
 10490    1 stdSH    11127.3    8  1    5659   0.505
 10492    1 stdSH    11127.3    8  1    1228   0.107
 10495    1 stdSH    11127.3    8  1    5802   0.518
 10497    1 stdSH    11127.3    8  1    3018   0.267
 10500    1 stdSH    11127.3    8  1    5886   0.525
 10501    1 stdSH    11127.3    8  1    5522   0.492
 10510    1 stdSH    11127.3    8  1    7114   0.636
 10520    1 stdSH    11127.3    8  1    9281   0.830
 10530    1 stdSH    11127.3    8  1   18218   1.634
 10540    1 stdSH    11127.3    8  1   12074   1.081
 10550    1 stdSH    11127.3    8  1   15176   1.360
 10560    1 stdSH    11127.3    8  1   12650   1.133
 10570    1 stdSH    22254.5    8  1   10641   0.476
 10580    1 stdSH    11127.3    8  1    4522   0.403
 10590    1 stdSH    11127.3    8  1    5077   0.453
 10600    1 stdSH    11127.3    8  1    2154   0.190
 10610    1 stdSH    22254.5    8  1    4634   0.206
 10620    1 stdSH    11127.3    8  1    3506   0.311
 10630    1 stdSH    11127.3    8  1     490   0.040
 10640    1 stdSH    11127.3    8  1    7463   0.667
 10650    1 stdSH    11127.3    8  1    4662   0.415
 10651    1 stdSH    11127.3    8  1    4814   0.429
 10652    1 stdSH    11127.3    8  1    4442   0.395
 10660    1 stdSH    22254.5    8  1   22053   0.989
 10680    1 stdSH    11127.3    8  1    4412   0.393
 10690    1 stdSH    11127.3    8  1    5386   0.480
 10700    1 stdSH    11127.3    8  1    3082   0.273
 10710    1 stdSH    11127.3    8  1   43306   3.888
 10720    1 stdSH    11127.3    8  1   52770   4.739

converted=86  failed=0  total=86
