file: C:\Users\Colton S Covert\Documents\GitHub\Pathways-Into-Darkness-Unity\reference\dpin_128.bin
prefix_bytes: 596  range: 0x000-0x254 exclusive
size: 230676

=== hex 0x000-0x253 (596 bytes, no collapse) ===

00000000  00 0c 0b 3c 00 00 00 00 00 00 00 00 00 00 00 00   |...<............|
00000010  00 00 00 00 00 00 00 00 00 00 00 00 00 00 00 00   |................|
00000020  00 00 00 00 00 00 00 00 00 00 00 00 00 00 00 00   |................|
00000030  00 00 00 00 00 00 00 00 00 00 00 00 00 00 00 00   |................|
00000040  00 00 00 00 00 00 00 00 00 00 00 00 00 00 00 00   |................|
00000050  00 00 00 00 00 00 00 00 42 00 00 00 42 00 01 80   |........B...B...|
00000060  00 3c 00 3c 00 00 00 03 00 00 00 00 00 03 00 00   |.<.<............|
00000070  00 00 00 00 00 00 00 00 00 00 00 00 00 00 00 03   |................|
00000080  00 00 00 00 00 00 00 00 00 00 00 00 00 00 00 00   |................|
00000090  00 00 00 00 00 00 00 00 00 00 00 00 00 00 00 00   |................|
000000a0  00 00 00 00 00 00 00 00 00 00 00 00 00 00 00 00   |................|
000000b0  00 00 00 00 00 00 00 00 00 00 00 00 00 00 00 00   |................|
000000c0  00 00 00 00 00 00 00 00 00 00 00 00 00 00 00 00   |................|
000000d0  00 00 00 00 00 00 00 00 00 00 00 00 00 00 00 00   |................|
000000e0  00 00 00 00 00 00 00 00 00 00 00 00 00 00 00 00   |................|
000000f0  00 00 00 00 00 00 00 00 00 00 00 00 00 00 00 00   |................|
00000100  00 00 00 00 00 00 00 00 00 00 00 00 00 00 00 00   |................|
00000110  00 00 00 00 00 00 00 00 00 00 00 00 00 00 00 00   |................|
00000120  00 00 00 00 00 00 00 00 00 00 00 00 00 00 00 00   |................|
00000130  00 00 00 01 00 01 00 00 00 00 00 00 00 00 00 00   |................|
00000140  00 00 00 00 00 00 00 00 00 00 00 00 00 00 00 00   |................|
00000150  00 00 00 00 00 00 00 00 00 00 00 00 00 00 00 00   |................|
00000160  00 00 00 00 00 00 00 00 00 00 00 00 00 00 00 00   |................|
00000170  00 00 00 00 00 00 00 00 00 00 00 00 00 00 00 00   |................|
00000180  00 00 00 00 00 00 00 00 00 00 00 00 00 00 00 00   |................|
00000190  00 00 ff ff 00 00 ff ff ff ff 00 00 00 00 00 00   |................|
000001a0  00 00 00 00 ff ff ff ff 00 00 00 00 00 00 00 00   |................|
000001b0  00 00 00 00 00 00 00 00 00 00 00 00 00 00 00 00   |................|
000001c0  00 00 00 00 00 00 00 00 00 00 00 00 00 00 00 00   |................|
000001d0  00 00 00 00 00 00 00 00 00 00 00 00 00 00 00 00   |................|
000001e0  00 00 00 00 00 00 00 00 00 00 00 00 00 00 00 00   |................|
000001f0  00 00 00 00 00 00 00 00 00 00 00 00 00 00 00 00   |................|
00000200  00 00 00 00 00 00 00 00 00 00 00 00 00 00 00 00   |................|
00000210  00 00 00 00 00 00 00 00 00 00 00 00 00 00 00 00   |................|
00000220  00 00 00 00 00 00 00 00 00 00 00 00 00 00 00 00   |................|
00000230  00 00 00 00 00 00 00 00 00 00 00 00 00 00 00 00   |................|
00000240  00 00 00 00 00 00 00 00 00 00 00 00 00 00 00 00   |................|
00000250  00 00 00 00                                       |....|

=== nonzero byte offsets in prefix (24) ===

  0x0001  0c  (12)
  0x0002  0b  (11)
  0x0003  3c  (60)
  0x0058  42  (66)
  0x005c  42  (66)
  0x005e  01  (1)
  0x005f  80  (128)
  0x0061  3c  (60)
  0x0063  3c  (60)
  0x0067  03  (3)
  0x006d  03  (3)
  0x007f  03  (3)
  0x0133  01  (1)
  0x0135  01  (1)
  0x0192  ff  (255)
  0x0193  ff  (255)
  0x0196  ff  (255)
  0x0197  ff  (255)
  0x0198  ff  (255)
  0x0199  ff  (255)
  0x01a4  ff  (255)
  0x01a5  ff  (255)
  0x01a6  ff  (255)
  0x01a7  ff  (255)

=== prefix as u16be, zero runs reported by length ===

  00000000  u16be=12  (0x000c)
  00000002  u16be=2876  (0x0b3c)
  00000004  zero_u16_run  count=42  bytes=84
  00000058  u16be=16896  (0x4200)
  0000005a  zero_u16_run  count=1  bytes=2
  0000005c  u16be=16896  (0x4200)
  0000005e  u16be=384  (0x0180)
  00000060  u16be=60  (0x003c)
  00000062  u16be=60  (0x003c)
  00000064  zero_u16_run  count=1  bytes=2
  00000066  u16be=3  (0x0003)
  00000068  zero_u16_run  count=2  bytes=4
  0000006c  u16be=3  (0x0003)
  0000006e  zero_u16_run  count=8  bytes=16
  0000007e  u16be=3  (0x0003)
  00000080  zero_u16_run  count=89  bytes=178
  00000132  u16be=1  (0x0001)
  00000134  u16be=1  (0x0001)
  00000136  zero_u16_run  count=46  bytes=92
  00000192  u16be=65535  (0xffff)
  00000194  zero_u16_run  count=1  bytes=2
  00000196  u16be=65535  (0xffff)
  00000198  u16be=65535  (0xffff)
  0000019a  zero_u16_run  count=5  bytes=10
  000001a4  u16be=65535  (0xffff)
  000001a6  u16be=65535  (0xffff)
  000001a8  zero_u16_run  count=86  bytes=172
