# nonzero count per column, wrap=80, start=596, rows=2876

0 751
1 850
2 1369
3 1421
4 93
5 239
6 1844
7 1788
8 782
9 873
10 1424
11 1486
12 90
13 238
14 1903
15 1911
16 754
17 854
18 1374
19 1426
20 88
21 240
22 1840
23 1790
24 786
25 872
26 1413
27 1481
28 91
29 241
30 1896
31 1912
32 753
33 867
34 1372
35 1439
36 91
37 242
38 1849
39 1801
40 784
41 879
42 1415
43 1482
44 91
45 245
46 1897
47 1909
48 750
49 864
50 1370
51 1437
52 92
53 246
54 1838
55 1807
56 790
57 883
58 1416
59 1484
60 90
61 244
62 1886
63 1919
64 755
65 855
66 1364
67 1431
68 94
69 242
70 1845
71 1794
72 786
73 874
74 1418
75 1478
76 94
77 240
78 1904
79 1905
